-0.025177,0.028534,-0.050202,-0.13382,-0.0047303,0.014496,0.020294,0.0053407
-0.090181,-0.053559,-0.0383,-0.11795,-0.020294,0.018769,0.0074769,0.025788
-0.12558,-0.121,-0.0074769,-0.12711,-0.023346,0.023041,0.023041,0.045014
-0.011139,-0.083467,-0.061189,-0.13748,-0.0090028,0.0062562,0.011749,0.014801
0.057527,-0.035859,-0.074311,-0.1268,-0.0032044,0.013275,0.0077821,0.019379
0.024262,-0.005951,-0.066987,-0.099947,-0.0035096,0.022736,0.025788,0.045624
-0.016938,-0.011444,-0.059358,-0.095674,0.027008,0.012665,0.035248,0.053254
-0.026703,0.009308,-0.077058,-0.13718,0.043183,-0.0090028,-0.0071717,0.0077821
-0.05478,0.041657,-0.084382,-0.17075,0.040131,0.0068666,-0.012665,-0.02945
-0.08957,-0.01297,-0.070649,-0.14359,0.019074,0.01297,-0.01297,-0.025483
-0.047456,-0.02884,-0.047761,-0.121,0.010529,0.0065614,-0.0035096,-0.041047
-0.017243,0.0062562,-0.062104,-0.12711,0.012055,0.0050355,0.022736,-0.0022889
-0.023651,0.018158,-0.04654,-0.14084,0.017243,0.0050355,0.014191,0.012665
-0.010834,-0.014801,-0.031891,-0.11887,0.017243,0.00015259,-0.0022889,-0.0083925
-0.023346,-0.01297,-0.06424,-0.13565,0.005951,0.012055,0.025788,-0.0013733
-0.04654,-0.033417,-0.069429,-0.16098,0.0096132,-0.0013733,0.012055,-0.0086976
-0.020905,-0.033722,-0.069429,-0.13169,0.0019837,0.015412,0.015412,0.0032044
-0.05478,-0.081941,-0.06424,-0.12955,-0.01297,0.0068666,0.012055,0.023346
-0.05539,-0.11887,-0.056916,-0.12589,-0.011139,0.0062562,0.014801,0.034943
-0.069734,-0.1268,-0.045014,-0.12375,-0.010834,0.0080873,-0.01297,0.0047303
-0.056916,-0.11643,-0.044099,-0.14755,-0.0013733,0.0086976,-0.010224,0.010529
-0.03769,-0.048676,-0.060273,-0.14694,0.018158,0.0053407,0.0050355,0.0096132
-0.031586,-0.048066,-0.073091,-0.14969,0.027924,-0.00076295,0.0013733,0.017548
-0.039826,-0.041352,-0.050507,-0.12467,0.02182,-0.0071717,-0.00045777,0.035554
-0.019074,-0.031586,-0.052644,-0.12863,0.027619,0.01236,0.0038148,0.02182
0.0071717,0.0032044,-0.058137,-0.12467,0.039521,0.025483,-0.0013733,0.0080873
0.017243,-0.028534,-0.050813,-0.10513,0.026703,-0.0016785,-0.0028992,0.013275
0.030365,-0.03006,-0.056611,-0.12985,0.021515,0.005951,0.002594,0.009308
0.0090028,-0.019379,-0.07126,-0.14115,0.02182,0.022431,0.0010681,0.0071717
-0.030365,-0.028534,-0.066682,-0.15274,0.0041199,0.020294,0.015717,0.0080873
-0.033722,-0.028229,-0.052033,-0.14176,-0.015106,0.0022889,0.02182,-0.0035096
-0.030671,-0.034943,-0.04593,-0.12558,-0.0013733,0.00076295,0.018769,0.0032044
-0.024262,-0.011444,-0.066072,-0.12192,-0.0083925,0.018769,0.019684,0.031891
-0.016938,-0.0038148,-0.07187,-0.12528,-0.025483,0.013275,0.027619,0.015717
-0.055085,-0.03769,-0.056611,-0.11276,-0.038911,0.013886,0.020905,0.017548
-0.067903,-0.038605,-0.056001,-0.12955,-0.026703,0.024262,0.005951,0.023346
-0.052033,-0.034333,-0.04654,-0.14603,0.011444,-0.0019837,0.0068666,-0.0047303
-0.043793,-0.043488,-0.058442,-0.16495,0.014191,0.0028992,0.014801,0.0071717
-0.012665,-0.014496,-0.068208,-0.14115,0.0077821,0.021515,0.0071717,0.0053407
-0.010529,0.0056458,-0.073091,-0.15549,0.0053407,-0.0019837,0.01297,0.013581
-0.013275,0.031281,-0.064851,-0.13901,0.017243,-0.0068666,0.023651,0.02182
-0.013581,0.0065614,-0.056001,-0.14786,0.017548,0.011139,-0.0010681,-0.011139
-0.0019837,-0.040436,-0.052338,-0.15061,0.013581,0.019989,0.0013733,-0.011139
-0.0083925,-0.088655,-0.043793,-0.10697,0.013581,0.027008,0.025177,0.0077821
-0.044404,-0.13382,-0.027924,-0.10575,0.017243,0.0053407,0.012055,0.016938
-0.062715,-0.13809,-0.038911,-0.099947,0.031891,-0.0090028,-0.010224,0.0077821
-0.034638,-0.1445,-0.034638,-0.11917,0.038911,-0.0010681,-0.014191,-0.00045777
0.0090028,0.017853,-0.066072,-0.15702,0.0206,0.010834,0.0071717,0.014801
0.020905,0.12772,-0.086213,-0.15763,-0.0074769,0.022736,0.026703,0.035859
0.0096132,0.12009,-0.086519,-0.1619,-0.011444,0.031281,0.032807,0.053559
-0.022736,0.08072,-0.072786,-0.12772,-0.0056458,0.014191,0.03006,0.049592
-0.049897,-0.090791,-0.043183,-0.093233,0.002594,0.0022889,0.0065614,0.023346
-0.11551,-0.20859,-0.048676,-0.12528,0.0010681,0.024872,-0.0056458,-0.023346
-0.12619,-0.20005,-0.048981,-0.14542,0.0019837,0.0077821,0.0010681,-0.025177
-0.08835,-0.12741,-0.056001,-0.13077,-0.0028992,0.014496,-0.00045777,-0.0022889
-0.025788,-0.041962,-0.060883,-0.11276,0.0074769,0.0053407,-0.011444,-0.022126
0.0028992,-0.022126,-0.066377,-0.11276,0.028229,-0.005951,0.012665,-0.0086976
0.010529,-0.022431,-0.061189,-0.1265,0.033417,-0.00076295,0.011444,0.002594
-0.0065614,-0.011444,-0.061799,-0.13321,0.020905,0.020294,0.002594,0.0096132
-0.022431,-0.012055,-0.060883,-0.14786,0.032197,0.0032044,0.0074769,0.012055
-0.025177,0.0016785,-0.065156,-0.13687,0.030365,-0.0016785,0.011749,0.0047303
-0.053864,0.020294,-0.058442,-0.12375,0.01297,0.011139,0.0090028,-0.010529
-0.045624,0.018158,-0.055085,-0.121,0.0077821,0.023041,0.015412,-0.011444
-0.029145,-0.002594,-0.074006,-0.14145,0.0086976,0.015412,0.005951,-0.013275
-0.022126,-0.023346,-0.064851,-0.15152,-0.0080873,0.0041199,0.027619,0.0032044
-0.045319,-0.072786,-0.035859,-0.12161,-0.020294,0.025177,0.01297,0.0080873
-0.041352,-0.074311,-0.052644,-0.13657,-0.0041199,0.012055,0.0038148,-0.015412
0.023651,-0.066987,-0.05478,-0.13443,0.002594,-0.00015259,0.0077821,-0.00076295
0.053559,-0.059663,-0.056611,-0.12497,-0.0053407,0.0071717,0.022126,0.023957
0.013581,-0.11856,-0.041657,-0.1735,-0.0022889,-0.015412,0.02945,0.039826
-0.024567,0.002594,-0.070649,-0.15579,-0.0083925,-0.020905,0.027008,0.051118
-0.02121,0.091707,-0.084382,-0.15702,-0.014496,-0.019379,-0.0062562,0.029755
-0.033417,0.067903,-0.049897,-0.11032,0.0010681,0.0013733,-0.011444,0.0032044
-0.0068666,0.017853,-0.010529,-0.12192,0.019684,0.0041199,0.0010681,0.01297
-0.084993,-0.084077,-0.028229,-0.13107,0.033722,-0.0013733,0.01297,0.029755
-0.11337,-0.18601,-0.058137,-0.14145,0.03769,0.0099184,0.00076295,0.015106
-0.047456,-0.11002,-0.079194,-0.13687,0.014191,0.0047303,0.00045777,-0.019379
0.081636,-0.043488,-0.079194,-0.12772,0.013581,0.021515,0.0053407,0.011139
0.10178,0.015106,-0.08011,-0.14572,0.016938,0.036164,-0.00045777,0.035248
-0.010529,0.019379,-0.069123,-0.13382,0.016938,0.009308,0.014801,0.076753
-0.075837,0.037385,-0.08835,-0.13748,0.0047303,0.023041,0.0080873,0.037385
-0.11032,0.041962,-0.044404,-0.065766,-0.0086976,0.019989,0.005951,0.0038148
-0.11521,-0.069429,0.01236,-0.072175,-0.0068666,0.011444,-0.0022889,-0.024567
-0.06363,-0.12222,-0.024262,-0.11734,0.023957,-0.0050355,-0.010224,-0.059968
-0.040742,-0.069429,-0.074311,-0.15396,0.0065614,0.0090028,0.0074769,-0.020905
-0.047456,-0.044709,-0.08072,-0.168,-0.015412,0.016938,0.028229,0.029145
-0.037079,-0.026093,-0.075837,-0.14084,-0.0019837,0.0041199,0.021515,0.019989
-0.016327,-0.023957,-0.058137,-0.13718,-0.00045777,0.014191,0.02121,0.015412
0.0053407,-0.020905,-0.06302,-0.15122,0.017853,-0.00015259,-0.0035096,0.002594
0.0074769,-0.033722,-0.064851,-0.15152,0.031891,-0.0074769,-0.0010681,-0.0053407
-0.014801,-0.0795,-0.055695,-0.12375,0.012665,0.016327,0.022126,0.029755
-0.044404,-0.092012,-0.048676,-0.13046,0.0090028,0.023346,0.043488,0.056001
-0.035248,-0.047456,-0.073091,-0.13931,0.019989,0.0041199,0.015717,-0.00015259
-0.035554,-0.012665,-0.070344,-0.12284,0.011139,0.014191,-0.0086976,-0.030365
-0.02945,0.016632,-0.079194,-0.13138,0.010529,0.011139,0.0019837,0.0047303
-0.027008,0.009308,-0.057832,-0.14603,0.018769,0.010224,-0.0047303,0.015412
-0.034943,0.017853,-0.060273,-0.10636,-0.0041199,0.0068666,0.0041199,0.027008
-0.037385,-0.0068666,-0.0383,-0.085603,0.00045777,0.00015259,0.010834,0.03006
-0.023346,-0.032197,-0.050507,-0.10452,0.027314,-0.00076295,0.020905,0.025177
-0.015412,-0.052338,-0.053864,-0.1387,0.011444,0.025483,0.03769,0.052949
-0.05478,-0.037385,-0.073091,-0.12985,-0.010529,0.0062562,0.017243,0.039216
-0.058747,-0.030976,-0.065766,-0.14389,-0.017243,-0.013275,0.02182,-0.0050355
-0.059968,-0.028229,-0.048371,-0.15061,-0.027008,0.0065614,0.019379,-0.024262
-0.056916,-0.034638,-0.050813,-0.14359,-0.013275,0.0090028,-0.0032044,-0.031891
-0.055695,-0.066377,-0.042573,-0.12497,-0.0019837,0.0032044,0.0096132,-0.014801
-0.041962,-0.075532,-0.061189,-0.12772,0.019379,0.013886,0.0080873,-0.0047303
-0.022126,-0.054475,-0.055085,-0.14847,0.040131,-0.0013733,0.0047303,-0.016327
0.0016785,-0.033417,-0.053864,-0.12314,0.031281,-0.011749,0.012665,-0.0053407
0.018158,-0.0077821,-0.064851,-0.15274,0.021515,0.0068666,0.011444,0.0056458
-0.0068666,-0.015717,-0.066682,-0.16556,0.021515,0.010834,-0.00015259,0.018158
-0.035859,-0.046235,-0.055695,-0.12741,0.0206,0.009308,-0.0044251,0.0013733
-0.067903,-0.066682,-0.04715,-0.11032,0.0065614,0.011139,0.0096132,0.00076295
-0.067292,-0.05478,-0.055085,-0.11948,0.0016785,0.0019837,0.013886,-0.015717
-0.059663,-0.047761,-0.074006,-0.15152,0.0077821,0.013886,0.019379,-0.017548
-0.0383,-0.036164,-0.069123,-0.15122,-0.0056458,0.013275,0.03006,-0.018158
-0.045014,-0.034333,-0.056001,-0.11307,-0.015412,0.0086976,0.020294,0.0047303
-0.023651,-0.014191,-0.062409,-0.12528,-0.00045777,0.0099184,0.025483,0.027619
0.0047303,-0.042573,-0.058442,-0.13535,-0.0071717,0.009308,0.012055,0.017548
0.042878,-0.021515,-0.053864,-0.13138,-0.010834,0.013275,0.020905,0.0096132
0.053559,-0.010224,-0.046235,-0.10788,0.0077821,0.0038148,0.019989,0.011139
0.03006,-0.032197,-0.04715,-0.1387,0.014801,-0.0032044,-0.0013733,0.020905
0.0019837,-0.035554,-0.060883,-0.13474,0.0086976,-0.0022889,0.018769,0.042267
-0.066072,-0.020294,-0.06302,-0.12802,0.0090028,0.005951,0.031586,0.043183
-0.091707,-0.040131,-0.055085,-0.1265,0.019074,0.014496,0.012055,0.011749
-0.05539,-0.05539,-0.053864,-0.11887,0.030976,0.018769,-0.0083925,-0.025788
-0.025177,-0.043488,-0.052644,-0.15152,0.044099,0.018463,0.0068666,-0.02945
-0.029145,-0.056001,-0.058137,-0.15915,0.02884,0.013275,0.014801,-0.0068666
-0.051728,-0.062715,-0.060273,-0.11887,0.018158,0.017243,0.011139,0.0053407
-0.04715,-0.040742,-0.06424,-0.12894,0.021515,0.020905,0.018158,-0.010834
-0.036774,-0.032502,-0.058442,-0.13687,0.019989,0.017853,0.015106,-0.0032044
-0.047456,-0.036469,-0.049897,-0.14298,0.0056458,0.024567,0.02884,0.029145
-0.034333,-0.028229,-0.058747,-0.14511,0.0038148,0.016938,0.009308,0.031891
0.0019837,0.0032044,-0.062715,-0.13596,0.0016785,0.017243,0.0047303,0.032807
-0.032807,-0.022736,-0.045014,-0.10483,-0.0096132,0.02945,0.010834,0.077974
-0.036774,-0.034333,-0.053864,-0.10513,-0.010224,0.002594,0.013886,0.072175
-0.015106,-0.02945,-0.058747,-0.12955,0.0056458,0.010529,0.011139,0.037079
0.0016785,-0.050202,-0.056916,-0.13504,0.0035096,0.025177,0.028229,0.035554
-0.024567,-0.041962,-0.062409,-0.16098,-0.0035096,-0.0038148,0.027619,0.038911
-0.047456,-0.050202,-0.060883,-0.15305,-0.0013733,-0.010834,0.023651,0.011139
-0.037385,-0.048371,-0.056306,-0.13107,-0.00076295,-0.0096132,-0.0035096,-0.024872
-0.038605,-0.031586,-0.061189,-0.12772,0.02182,-0.010224,-0.0096132,-0.017243
-0.024262,-0.016632,-0.064851,-0.13382,0.023957,0.020905,0.017853,-0.018158
0.002594,-0.011749,-0.061799,-0.1384,0.030365,0.0062562,0.017548,-0.011139
0.00045777,-0.022126,-0.06302,-0.15457,0.035859,0.01297,0.005951,0.013275
-0.0080873,-0.028534,-0.056611,-0.13657,0.028229,0.022126,0.02121,0.039826
-0.0068666,-0.016938,-0.052033,-0.14267,0.025483,0.0090028,0.029145,0.043183
-0.025483,-0.035554,-0.051118,-0.12863,0.016938,0.005951,-0.0028992,0.022736
-0.024262,-0.042267,-0.062104,-0.12284,-0.002594,0.014801,-0.00015259,0.019989
-0.0044251,0.013581,-0.062409,-0.12772,0.0010681,0.013275,0.0013733,0.023041
-0.0032044,0.020294,-0.060883,-0.13138,0.013581,-0.0035096,0.0071717,0.023346
-0.0044251,0.0080873,-0.077363,-0.14481,0.0032044,0.0099184,0.020294,0.013275
-0.027619,-0.027924,-0.070649,-0.12161,-0.0062562,0.033112,0.012055,0.0041199
-0.030671,0.062715,-0.074311,-0.12161,-0.0062562,0.0065614,0.013886,0.0041199
-0.017548,0.13565,-0.07126,-0.14389,-0.0010681,0.009308,0.0053407,-0.014191
-0.04593,-0.01297,-0.044404,-0.13321,0.0096132,0.021515,0.0056458,-0.025483
-0.078279,-0.11826,-0.057832,-0.11704,0.0074769,0.02121,0.0019837,-0.020294
-0.10544,-0.15824,-0.0090028,-0.12924,0.019684,0.0065614,-0.0083925,-0.010834
-0.04593,-0.15671,-0.0038148,-0.12314,0.014801,-0.0050355,-0.0044251,0.00045777
0.0053407,-0.20951,-0.016632,-0.11887,0.019074,0.016327,0.0016785,0.010529
-0.042573,-0.20737,-0.044709,-0.12528,0.029755,0.0053407,0.016938,0.017243
-0.022126,-0.059968,-0.06302,-0.15671,0.029755,-0.013275,0.0077821,-0.00076295
-0.050507,-0.066987,-0.060883,-0.14176,0.0099184,0.01297,0.012665,0.011139
-0.058747,-0.083467,-0.064546,-0.11948,-0.0090028,0.014801,0.011444,0.018158
-0.0010681,-0.0022889,-0.076143,-0.13382,-0.0044251,0.0099184,0.002594,0.0074769
-0.043183,-0.025788,-0.074922,-0.12924,0.0090028,0.010529,0.036774,0.016022
-0.11765,-0.11398,-0.060883,-0.1268,0.0019837,0.013886,0.025788,0.021515
-0.08072,-0.11948,-0.05417,-0.12558,0.0016785,0.0086976,-0.0041199,-0.0044251
-0.045319,-0.092622,-0.056916,-0.14389,-0.0090028,0.0068666,0.0041199,-0.00015259
-0.043793,-0.090486,-0.064851,-0.13199,-0.01236,0.018769,0.0032044,0.022736
-0.020905,-0.074922,-0.07126,-0.15915,-0.00076295,0.0065614,0.010834,0.022736
-0.035248,0.035248,-0.053254,-0.11978,-0.0019837,0.012665,0.01297,0.017853
-0.029145,0.077363,-0.05417,-0.1207,0.023957,0.0077821,0.011444,0.013581
0.029755,0.080415,-0.061189,-0.14115,0.037995,0.011444,0.017853,0.025177
-0.0086976,0.10849,-0.076753,-0.14389,0.0206,0.034638,0.015412,0.031281
-0.015412,0.13993,-0.083162,-0.15274,0.02945,0.020905,-0.0047303,0.026703
-0.038911,0.025177,-0.075227,-0.13107,0.033722,0.0053407,0.0068666,0.023041
-0.045319,0.012665,-0.076143,-0.15946,0.017853,0.0086976,0.018769,0.0053407
-0.009308,-0.00015259,-0.04715,-0.13474,0.020905,0.0068666,0.00076295,-0.011444
0.021515,-0.039521,-0.022736,-0.11398,0.017243,-0.016938,0.013886,-0.0090028
0.037079,-0.10269,-0.037995,-0.099947,0.019379,0.005951,0.015106,0.02182
-0.019379,-0.061494,-0.074311,-0.12894,0.0010681,0.018769,0.019379,0.067597
-0.052949,-0.017548,-0.074311,-0.12863,-0.0065614,0.011139,0.010529,0.044404
-0.037079,-0.035554,-0.064851,-0.12039,-0.0035096,0.0206,0.0056458,0.032197
0.030976,-0.046845,-0.063935,-0.13901,-0.016938,-0.0047303,0.014801,0.016938
0.031891,-0.044099,-0.069429,-0.14725,-0.010529,-0.0086976,0.009308,0.025177
0.025788,-0.039521,-0.060578,-0.12436,-0.016938,0.0206,0.022736,0.039521
0.019379,-0.014496,-0.065766,-0.11337,-0.017548,0.005951,0.0050355,0.018769
0.035554,0.013275,-0.052033,-0.11734,0.011749,-0.0074769,0.0032044,-0.0053407
0.019989,0.012055,-0.050202,-0.13382,0.025483,0.030365,0.0068666,-0.015106
-0.010834,-0.033417,-0.049287,-0.13321,0.02945,0.023346,0.0038148,-0.019074
-0.06302,-0.048371,-0.046235,-0.12314,0.016022,0.0065614,0.0041199,-0.0080873
-0.072786,-0.064851,-0.046845,-0.11734,0.015106,0.0086976,-0.0071717,-0.019379
-0.099336,-0.081331,-0.060578,-0.15183,0.022126,-0.0038148,0.013275,-0.051118
-0.14633,-0.072175,-0.056916,-0.14389,0.015717,0.0041199,0.013581,-0.037079
-0.099947,-0.042573,-0.049897,-0.12894,0.019379,0.010529,0.019074,-0.010224
-0.074922,-0.040436,-0.056306,-0.13046,0.013886,0.0083925,0.014801,-0.011444
-0.085603,-0.052644,-0.059358,-0.12436,0.0099184,0.025483,0.0053407,0.013581
-0.064546,-0.056916,-0.057221,-0.15946,0.0035096,0.019074,0.015412,0.014801
-0.0206,-0.070344,-0.045624,-0.1619,-0.014496,0.0038148,0.019684,0.0074769
0.033417,-0.073396,-0.040436,-0.12741,-0.018158,0.0065614,0.013581,0.019074
-0.002594,-0.064851,-0.052644,-0.099947,-0.0090028,0.00015259,0.023651,0.037995
-0.048676,-0.06424,-0.055695,-0.12345,0.0068666,0.0013733,0.016938,0.035859
-0.053254,-0.041352,-0.07248,-0.14542,0.016022,-0.0041199,-0.0041199,0.0047303
-0.043793,-0.042573,-0.061189,-0.13718,0.0053407,0.0071717,0.014191,-0.011139
-0.056611,0.029755,-0.08957,-0.12985,0.0038148,0.0065614,0.011139,-0.0068666
-0.054475,0.06363,-0.10605,-0.121,0.016632,0.0044251,0.0056458,-0.010529
-0.018158,0.025788,-0.06424,-0.15885,0.033722,0.0071717,-0.0068666,-0.013275
-0.0044251,-0.042573,-0.043793,-0.15457,0.013581,0.02121,0.0019837,0.0053407
0.009308,-0.053864,-0.051728,-0.15549,0.0010681,0.016938,0.017853,0.016938
-0.017548,-0.0795,-0.048981,-0.14786,0.01297,0.0047303,0.0080873,0.015106
0.0053407,-0.051423,-0.053864,-0.14481,0.023041,0.0044251,0.0032044,-0.0013733
-0.018769,-0.13199,-0.046235,-0.10269,0.0206,0.014496,0.0013733,0.014801
-0.048676,-0.18875,-0.046845,-0.09781,0.023041,-0.0013733,0.010529,0.02884
-0.037079,-0.040436,-0.056001,-0.14298,0.02945,-0.0022889,-0.0032044,0.013275
0.016022,0.074617,-0.058747,-0.1326,0.013275,-0.0096132,0.0013733,0.010529
0.0053407,0.061189,-0.033112,-0.11307,-0.0056458,0.014191,0.032807,0.032197
-0.030671,0.019379,-0.018463,-0.11246,0.00045777,0.014801,0.029145,0.044404
-0.057527,-0.0022889,-0.044404,-0.12711,0.012665,0.0099184,0.0077821,0.025177
-0.067597,-0.018463,-0.10452,-0.12558,-0.0010681,0.01297,-0.0035096,-0.0090028
-0.049592,-0.019684,-0.093538,-0.13535,-0.010224,0.018769,0.023957,-0.025483
-0.0050355,-0.0077821,-0.074006,-0.12772,0.00045777,0.026398,0.025788,-0.011444
0.0086976,-0.023346,-0.060578,-0.13504,-0.002594,0.0090028,-0.015412,0.0038148
0.0074769,-0.05539,-0.052033,-0.14389,0.010529,0.0013733,-0.0032044,0.0206
-0.023346,-0.044099,-0.048371,-0.13291,0.011139,0.026398,0.019684,0.0383
-0.036774,-0.074922,-0.0077821,-0.10178,0.012665,0.029145,0.028229,0.020905
-0.042573,-0.10086,0.0086976,-0.11521,0.034028,0.0071717,0.023346,0.0019837
-0.022736,-0.084382,-0.06302,-0.1387,0.043183,0.017243,0.0028992,0.009308
-0.018158,-0.03006,-0.076448,-0.1561,0.028229,-0.0019837,-0.0028992,0.0041199
-0.0074769,-0.017853,-0.07126,-0.1619,0.0077821,-0.0074769,-0.012665,0.024262
0.0068666,-0.0044251,-0.064546,-0.12985,0.0028992,0.011444,-0.012665,0.025177
-0.035248,-0.018158,-0.070649,-0.10575,-0.00015259,0.034638,0.0090028,0.041962
-0.032502,0.017853,-0.077058,-0.12802,0.0056458,-0.0080873,0.0035096,0.017548
-0.031891,0.06424,-0.087434,-0.13779,0.0013733,-0.005951,0.017243,-0.0053407
-0.044709,0.028534,-0.074922,-0.12741,-0.012055,0.0028992,0.024262,0.0053407
-0.043793,0.015717,-0.070039,-0.12802,-0.022431,0.0019837,0.0038148,-0.010224
-0.042878,-0.02945,-0.057221,-0.14694,-0.022126,-0.0016785,0.029755,-0.0053407
-0.013581,-0.066072,-0.052338,-0.14145,-0.017548,0.015106,0.048371,0.0032044
-0.0028992,-0.12619,-0.033722,-0.13931,-0.011444,0.013275,0.019379,0.019989
-0.025788,-0.21439,-0.017548,-0.11124,-0.00015259,0.0041199,0.0086976,0.025177
0.0032044,-0.099641,-0.05478,-0.11917,0.022126,0.012665,0.014191,-0.0010681
-0.011444,0.0041199,-0.064546,-0.103,0.040436,0.009308,0.015717,-0.019684
-0.0083925,0.015717,-0.065766,-0.12161,0.039826,0.0071717,-0.0056458,-0.012055
-0.012055,0.016327,-0.063325,-0.1384,0.045014,0.023041,-0.018158,-0.018463
-0.037079,-0.005951,-0.051118,-0.14298,0.023651,0.012665,0.005951,0.010529
-0.087434,-0.044709,-0.057221,-0.15702,0.014801,0.0099184,-0.00076295,0.0090028
-0.099947,-0.13779,-0.057832,-0.1268,0.016022,0.0068666,-0.0047303,0.0065614
-0.10025,-0.14267,-0.059358,-0.10452,0.015106,0.015412,-0.0013733,-0.010224
-0.078889,-0.10391,-0.052949,-0.12467,0.02182,0.011139,-0.00076295,-0.012665
-0.0019837,-0.027619,-0.070954,-0.12985,0.012055,0.022736,-0.0053407,-0.0047303
0.0019837,-0.022431,-0.065766,-0.14359,-0.0086976,0.011139,-0.0022889,0.027924
-0.010529,-0.074922,-0.055085,-0.12894,-0.014496,0.021515,0.016022,0.042267
-0.052033,-0.087739,-0.054475,-0.12161,-0.024262,0.019989,0.023957,0.051728
-0.022126,-0.076448,-0.065766,-0.14542,-0.015412,0.005951,0.016938,0.049287
-0.00076295,0.040131,-0.068818,-0.12467,-0.0028992,-0.019379,0.017243,0.027619
-0.014191,0.051728,-0.061189,-0.13107,0.0065614,0.0022889,0.010529,0.042267
-0.043183,0.012665,-0.050507,-0.1326,0.011444,0.024872,0.0041199,0.045014
-0.045014,0.052338,-0.066987,-0.15396,0.009308,-0.011139,0.018769,0.011139
-0.030365,0.082551,-0.066987,-0.14389,0.023651,-0.010224,0.012665,-0.014191
0.0032044,-0.011444,-0.045014,-0.11246,0.024262,0.011444,0.019074,-0.0090028
0.0041199,-0.041657,-0.042573,-0.13382,0.02182,0.0083925,0.011139,-0.019074
-0.00015259,-0.023651,-0.056001,-0.12375,0.023346,-0.00015259,0.0074769,-0.021515
-0.0010681,-0.0022889,-0.061799,-0.12802,0.019989,0.0099184,-0.0062562,-0.0053407
-0.002594,-0.014801,-0.057221,-0.13382,0.017853,0.0062562,0.012055,0.024872
0.023957,-0.015412,-0.078279,-0.14786,0.012665,0.023957,0.012055,0.026093
-0.04715,-0.090791,-0.062104,-0.15518,-0.0035096,0.022126,-0.024872,0.014191
-0.12406,-0.13443,-0.048676,-0.099947,-0.024872,0.005951,-0.0047303,-0.0019837
-0.075227,-0.070954,-0.070344,-0.15579,-0.009308,0.00015259,-0.0050355,-0.010529
-0.036469,0.057527,-0.096284,-0.15061,-0.015106,0.0044251,-0.010224,-0.0053407
-0.084993,0.002594,-0.04593,-0.092317,-0.023346,0.02884,0.038911,0.014191
-0.12558,-0.14603,-0.01236,-0.091096,-0.010529,0.002594,0.02884,-0.029755
-0.103,-0.13474,-0.048066,-0.13962,0.03006,-0.019074,-0.0096132,-0.059052
-0.070039,-0.093538,-0.053864,-0.13138,0.039521,-0.0016785,-0.0068666,-0.025483
0.00076295,-0.045624,-0.064546,-0.16098,0.026093,-0.0074769,0.0019837,-0.013275
0.065461,-0.011444,-0.060883,-0.14206,0.022126,-0.0028992,0.031891,0.018158
0.072786,-0.0013733,-0.042573,-0.12772,0.011139,0.019379,0.035859,0.048371
0.083467,0.05417,-0.049897,-0.13382,0.029755,0.018158,0.026093,0.049287
0.041352,0.019684,-0.065766,-0.12467,0.041962,-0.0013733,0.017548,0.030365
-0.010834,0.041962,-0.069123,-0.14206,0.045014,-0.0022889,-0.012665,-0.0074769
0.13016,0.12314,-0.064546,-0.14969,0.015717,0.010529,0.0053407,-0.0068666
0.095674,0.10269,-0.06424,-0.13169,-0.0032044,0.017243,0.024262,0.066682
-0.055085,-0.053559,-0.042267,-0.14298,-0.022736,0.024872,0.023041,0.10239
-0.16373,-0.18448,-0.0065614,-0.10758,-0.027314,0.019379,0.0050355,0.037385
-0.13016,-0.23056,-0.050202,-0.1268,-0.0074769,-0.0028992,-0.013275,-0.023041
-0.098421,-0.1677,-0.069429,-0.10452,0.0041199,-0.011444,0.012055,-0.0022889
-0.13199,-0.12772,-0.057832,-0.10849,-0.026703,0.01236,0.019989,0.041657
-0.092927,-0.072175,-0.055085,-0.13504,0.0016785,0.0099184,-0.0053407,0.0047303
-0.047761,-0.047456,-0.056916,-0.14847,0.031281,-0.0056458,0.00045777,-0.014496
-0.024262,-0.039521,-0.057832,-0.14603,0.010529,0.0077821,0.0099184,-0.0056458
-0.0022889,-0.024262,-0.074617,-0.15183,-0.0019837,0.015412,0.011139,0.0047303
0.0032044,0.0022889,-0.078584,-0.14176,0.0096132,-0.0062562,0.0065614,0.019074
-0.015106,0.017243,-0.078584,-0.14725,0.013886,0.002594,0.009308,0.019989
-0.0068666,0.0047303,-0.070649,-0.12711,0.022126,0.027314,0.020294,0.0035096
-0.0013733,-0.010529,-0.078584,-0.15274,0.024262,0.02884,0.019989,0.002594
0.02182,-0.019684,-0.053864,-0.17105,0.018158,0.019074,0.03006,0.0056458
-0.034333,-0.068513,-0.032502,-0.14298,0.014801,0.0090028,0.019989,0.043488
-0.052033,-0.074006,-0.031891,-0.11795,0.025177,0.0065614,-0.012055,0.016938
-0.053864,-0.068208,-0.039826,-0.10452,0.014801,-0.0086976,-0.014801,-0.028534
-0.045014,-0.056306,-0.032197,-0.10391,-0.002594,0.015106,0.0053407,-0.022126
-0.04654,-0.014191,-0.060578,-0.11185,-0.019074,0.0041199,0.0065614,0.0038148
-0.031281,-0.00015259,-0.064851,-0.13077,-0.0083925,-0.010224,0.010834,0.029145
-0.025483,-0.010224,-0.060273,-0.13107,0.0035096,0.009308,0.025788,0.025788
-0.022736,-0.010834,-0.075837,-0.15885,-0.0035096,0.009308,0.0096132,0.039216
-0.044404,-0.034333,-0.063935,-0.11795,0.00045777,0.0028992,-0.0028992,0.035859
-0.040742,-0.030671,-0.072786,-0.13474,0.0077821,-0.0068666,0.0047303,0.0016785
-0.042878,-0.047761,-0.065766,-0.14267,0.009308,0.015412,0.009308,-0.011139
0.02945,-0.00076295,-0.073396,-0.15671,0.0080873,0.029145,0.016938,-0.0086976
0.013581,-0.010224,-0.048371,-0.1149,0.012665,0.022431,0.02121,0.017243
-0.059663,-0.048981,-0.042573,-0.11582,0.026093,0.019379,0.011139,0.016938
-0.043488,-0.02884,-0.062715,-0.14908,0.023957,0.025483,-0.016632,-0.022736
-0.041352,-0.034028,-0.048676,-0.14328,0.024262,0.021515,-0.0044251,-0.046845
-0.031891,-0.040742,-0.064546,-0.13779,0.017243,0.0099184,0.02121,-0.037385
-0.027314,-0.040131,-0.074006,-0.15122,0.011444,0.010224,0.013275,-0.023346
-0.031586,-0.02945,-0.057221,-0.12741,0.0056458,-0.010224,0.0090028,-0.0019837
-0.014801,-0.024872,-0.045624,-0.11765,-0.0035096,0.024567,0.023041,0.0080873
-0.015412,-0.029755,-0.062104,-0.16159,0.0032044,0.0019837,0.025177,0.02121
-0.023651,-0.041657,-0.063325,-0.15457,0.0053407,-0.0090028,0.019684,0.026703
-0.02945,-0.023651,-0.064546,-0.1445,-0.014191,0.025483,0.023957,0.024262
-0.018769,-0.018158,-0.06424,-0.14054,-0.0074769,0.0083925,-0.0022889,0.023651
-0.024567,-0.02945,-0.069429,-0.12558,-0.0080873,-0.00015259,0.01297,0.010529
-0.0068666,-0.031586,-0.048371,-0.10178,-0.0068666,0.0047303,0.023041,0.0041199
-0.024567,-0.044099,-0.036469,-0.095369,0.005951,0.0047303,0.010529,0.0086976
-0.053559,-0.045624,-0.064546,-0.11978,0.0206,0.022736,0.0016785,0.0096132
-0.051728,-0.04654,-0.075837,-0.1207,0.03006,-0.0013733,-0.0083925,0.0074769
-0.047456,-0.038605,-0.066987,-0.12955,0.022736,0.002594,0.02884,0.016632
-0.018463,-0.056916,-0.041962,-0.11154,0.025483,0.014496,0.031891,0.01297
-0.037385,-0.066377,-0.030365,-0.11887,0.022126,0.015106,0.017548,0.0077821
-0.036469,-0.056916,-0.056916,-0.13535,0.022126,0.011444,-0.00076295,-0.0068666
-0.031891,-0.032197,-0.066377,-0.14359,0.035859,0.0080873,-0.013275,-0.023346
-0.028534,-0.033417,-0.056306,-0.1268,0.019684,0.022431,0.013886,0.019989
-0.031891,-0.019379,-0.072786,-0.15213,0.0041199,0.023957,-0.0013733,0.041047
-0.0090028,-0.005951,-0.070344,-0.13565,-0.0050355,-0.0019837,0.0090028,0.051423
-0.019684,0.0071717,-0.067292,-0.12558,-0.0090028,-0.00015259,0.03769,0.034333
-0.061189,-0.023957,-0.066377,-0.14054,-0.0056458,0.012055,0.022126,0.018769
-0.083467,-0.030365,-0.061189,-0.14481,-0.0010681,0.014191,0.020905,-0.0010681
-0.068208,-0.058747,-0.037995,-0.14206,-0.017548,0.011444,0.0096132,0.0071717
-0.022736,-0.0383,-0.050202,-0.121,-0.013275,0.011139,0.029145,0.014801
0.032807,-0.025483,-0.055695,-0.13321,0.013581,0.0032044,0.015717,0.02182
0.027924,0.0019837,-0.066987,-0.16678,0.017243,-0.0010681,0.013275,0.036164
-0.014191,-0.028229,-0.062409,-0.11673,0.0053407,0.014191,0.027008,0.06363
-0.034638,-0.038605,-0.058137,-0.1265,0.010529,0.016022,0.002594,0.05539
-0.028534,-0.029755,-0.059052,-0.1146,0.035554,0.005951,-0.00015259,0.0041199
-0.0053407,-0.02182,-0.064851,-0.1384,0.022736,-0.0016785,0.002594,0.010834
-0.0071717,0.0056458,-0.070649,-0.16159,0.017853,0.0041199,-0.015717,0.013275
-0.0047303,0.019074,-0.063325,-0.14878,0.013275,-0.0019837,-0.010224,-0.002594
-0.019379,-0.0028992,-0.056306,-0.12711,0.010529,0.0086976,0.013275,0.019379
-0.02945,-0.014496,-0.042573,-0.092622,0.0099184,-0.0068666,0.020294,0.02945
-0.0086976,-0.0077821,-0.034638,-0.11185,0.014801,0.0038148,0.0056458,0.0047303
0.013275,-0.056916,-0.041657,-0.13321,0.023957,0.016632,-0.0028992,-0.0041199
-0.048981,-0.20279,-0.034028,-0.103,0.0013733,-0.0041199,0.012055,0.0096132
-0.081025,-0.14572,-0.05417,-0.11551,-0.0047303,-0.0038148,0.0013733,0.0019837
-0.058747,0.042267,-0.082551,-0.14176,0.0053407,0.0053407,0.011444,-0.0096132
-0.047761,0.066682,-0.081941,-0.14054,-0.0086976,0.016022,0.015717,0.00045777
-0.077058,-0.034333,-0.062409,-0.15457,-0.017548,0.023346,0.018769,-0.016327
-0.14023,-0.13382,-0.052644,-0.1384,-0.0062562,0.010834,0.016632,-0.023651
-0.077058,-0.121,-0.078889,-0.15518,0.0050355,0.0062562,0.0013733,-0.035248
-0.089265,-0.12833,-0.057221,-0.1268,0.014191,0.0083925,0.011444,-0.024262
0.00045777,-0.059358,-0.056306,-0.13443,0.0099184,0.02121,0.0090028,0.0035096
0.024262,-0.073396,-0.053254,-0.12345,0.0090028,0.01236,0.028229,0.005951
-0.059358,-0.17014,-0.026093,-0.1326,0.015106,0.0013733,0.037995,0.023346
-0.029755,-0.11551,-0.042267,-0.15183,0.026093,0.014191,0.03006,0.024262
-0.025483,0.025788,-0.04593,-0.13718,0.030365,0.027314,0.021515,0.010834
-0.057832,-0.0795,-0.034333,-0.10758,0.033417,0.011139,0.0050355,0.013581
-0.041352,-0.10605,-0.052949,-0.11368,0.02945,0.019074,-0.0068666,-0.010529
-0.045624,0.10056,-0.069429,-0.13535,0.019989,0.025483,0.015412,-0.0047303
-0.059052,0.15549,-0.08011,-0.13993,0.0019837,0.0053407,0.012665,0.012665
-0.045624,0.11734,-0.083162,-0.14603,-0.014496,0.0077821,0.013581,0.017853
0.016632,0.062409,-0.076448,-0.13138,-0.0096132,0.009308,0.0068666,0.02121
0.10819,0.015717,-0.047761,-0.12161,-0.0083925,0.011139,0.0096132,0.037385
0.10544,-0.03769,-0.061189,-0.094759,-0.0074769,0.018463,0.02884,0.07248
0.094148,-0.016022,-0.057221,-0.12741,0.01297,0.0206,0.025483,0.059968
0.098421,0.027924,-0.07187,-0.1326,0.0206,-0.009308,0.014191,0.0071717
-0.0053407,0.019379,-0.064851,-0.12955,0.013581,-0.00015259,0.019684,0.0080873
-0.08896,-0.027619,-0.031586,-0.14176,0.014191,-0.0013733,0.016022,-0.0035096
-0.099641,-0.091402,-0.034028,-0.14481,0.013275,-0.0041199,0.0019837,-0.031891
-0.033417,-0.062104,-0.043183,-0.13443,0.016938,0.02121,0.00045777,-0.051728
-0.035554,-0.071565,-0.05417,-0.14145,0.020905,0.018769,0.014801,-0.011139
-0.034638,-0.13962,-0.056916,-0.13931,0.029145,0.021515,-0.0083925,0.03006
-0.052033,-0.15824,-0.045014,-0.1149,0.027314,0.0044251,0.0065614,0.018158
-0.061494,-0.12192,-0.060883,-0.12161,0.0016785,0.0044251,0.002594,0.032197
-0.077363,-0.074311,-0.076143,-0.13687,0.015106,0.0062562,-0.0080873,-0.0028992
-0.041047,-0.025483,-0.070039,-0.13535,0.011749,0.014191,0.0041199,-0.014191
0.024872,0.015106,-0.075837,-0.14542,-0.0047303,0.0050355,0.0032044,-0.0053407
0.0071717,0.0056458,-0.061799,-0.13138,-0.0056458,0.0019837,0.013581,0.016022
-0.049592,-0.0065614,-0.058137,-0.14939,-0.0090028,0.012665,0.03006,0.047761
-0.049897,-0.012665,-0.045624,-0.14694,-0.02121,0.0010681,0.02121,0.027314
-0.019379,-0.030365,-0.034028,-0.11093,-0.017548,0.012665,0.018158,0.033112
-0.060578,-0.058442,-0.0383,-0.11124,0.0056458,0.026398,0.022736,0.024872
-0.055085,-0.051423,-0.060883,-0.099336,0.03006,0.029145,0.012055,0.005951
-0.023651,-0.027619,-0.053864,-0.13352,0.042267,0.009308,0.0013733,-0.018158
-0.035859,-0.036469,-0.066682,-0.1561,0.014801,0.012665,0.012665,-0.010834
-0.041657,-0.028229,-0.07187,-0.13993,0.01297,0.014801,0.013581,0.0013733
-0.024567,-0.024262,-0.060273,-0.14603,0.019074,0.015412,0.0077821,-0.0019837
-0.0090028,0.0056458,-0.070344,-0.14359,0.015412,0.024567,0.0080873,-0.0010681
-0.033722,-0.026093,-0.058442,-0.12161,0.015412,0.012665,0.023957,0.014801
-0.063325,-0.018463,-0.056916,-0.15183,0.023346,0.0086976,-0.0028992,0.012665
-0.06302,0.045624,-0.073091,-0.1326,0.02945,-0.0016785,-0.0050355,-0.002594
-0.083162,-0.0065614,-0.049897,-0.10697,0.011749,-0.005951,0.016938,-0.0028992
-0.082246,-0.04593,-0.04654,-0.11673,0.0099184,0.0053407,0.0050355,-0.043488
-0.052949,-0.036469,-0.052033,-0.12894,0.0028992,0.0022889,-0.002594,-0.024872
-0.059052,-0.038605,-0.060883,-0.13718,-0.012665,0.0047303,0.00076295,-0.0010681
-0.049897,-0.036164,-0.063935,-0.13931,-0.022431,0.010224,0.014191,0.0010681
-0.032502,-0.08835,-0.05417,-0.13718,-0.020294,-0.0028992,0.014191,0.0019837
-0.023651,-0.11063,-0.051118,-0.14054,-0.0013733,0.017243,0.005951,0.024872
-0.022736,-0.081331,-0.052949,-0.13352,0.03006,0.012055,0.021515,0.027619
-0.022736,-0.05539,-0.063935,-0.15213,0.027008,0.01297,0.017548,0.026703
-0.029755,-0.027619,-0.070344,-0.14267,0.0035096,-0.0068666,0.0071717,0.0019837
-0.015412,-0.030976,-0.069123,-0.15671,0.0086976,0.022431,0.015412,0.0050355
0.0019837,-0.023346,-0.070344,-0.13962,0.021515,0.027314,0.012665,0.010529
0.013275,-0.012055,-0.055695,-0.14572,0.019074,0.015412,0.023651,0.023957
0.0053407,-0.0086976,-0.047761,-0.1207,0.022736,0.02884,0.033722,0.039216
-0.04654,-0.022736,-0.053254,-0.13199,0.033417,0.021515,0.0056458,0.023041
-0.02121,-0.0053407,-0.066682,-0.16739,0.023346,-0.005951,-0.013581,-0.012055
0.0016785,-0.019684,-0.067903,-0.14328,-0.016327,0.0077821,-0.0080873,-0.0035096
-0.022736,-0.068818,-0.053254,-0.094759,-0.02121,0.015106,0.0086976,0.020905
-0.027619,-0.068208,-0.052644,-0.077668,0.017853,0.0062562,0.013581,0.017548
0.0056458,-0.042878,-0.032197,-0.12284,0.035248,-0.0038148,0.01297,0.0010681
0.03769,-0.022736,-0.052644,-0.13138,0.015412,0.0053407,0.018158,0.029145
0.0047303,-0.019684,-0.063325,-0.14847,-0.019074,0.024872,0.017853,0.056001
-0.0206,-0.029755,-0.063935,-0.12711,-0.013275,0.014496,0.020294,0.052338
-0.018463,-0.019989,-0.068818,-0.13504,0.0050355,0.0038148,0.016632,0.045014
-0.031281,-0.037385,-0.055695,-0.13504,0.0074769,0.0038148,0.033722,0.045014
-0.040436,-0.041962,-0.053864,-0.13169,0.019684,-0.0050355,0.020294,0.041657
-0.059968,-0.014801,-0.062715,-0.13931,0.019074,-0.0050355,-0.0013733,0.018158
-0.041047,0.044099,-0.063935,-0.13138,0.0028992,0.0038148,-0.01236,0.0047303
-0.0010681,0.024567,-0.053864,-0.13107,0.0086976,0.020294,-0.009308,0.0038148
-0.011139,-0.014496,-0.056916,-0.13138,0.018769,0.032197,0.0056458,0.0010681
-0.045624,-0.027924,-0.056916,-0.14603,0.027314,0.015412,0.0090028,-0.025177
-0.051728,-0.045319,-0.064546,-0.14603,0.02121,0.014801,0.00045777,-0.038605
-0.081941,-0.056611,-0.064546,-0.12985,0.0077821,0.016938,-0.0050355,-0.039521
-0.095369,-0.12039,-0.056001,-0.13077,0.0028992,0.0022889,0.0068666,-0.018769
-0.036469,-0.16678,-0.045014,-0.12528,-0.00076295,0.013275,-0.0032044,-0.014496
-0.036774,-0.11826,-0.052338,-0.10513,0.0056458,0.013886,0.0035096,0.01297
-0.043183,-0.08011,-0.055695,-0.13199,0.026703,0.0053407,0.017548,0.047456
-0.0047303,-0.011444,-0.058442,-0.14969,0.015717,0.017243,0.019989,0.027924
0.04715,-0.005951,-0.059968,-0.13443,-0.019074,0.0062562,0.018158,0.013275
0.040436,0.015106,-0.065156,-0.12253,-0.018769,0.0010681,0.0050355,0.03769
-0.015412,-0.015412,-0.056916,-0.12955,-0.00015259,0.0013733,0.025483,0.052949
-0.056611,-0.050813,-0.056916,-0.12436,0.0068666,0.0077821,0.0038148,-0.0035096
-0.041657,-0.034638,-0.06302,-0.11337,0.0053407,0.005951,0.0032044,-0.015412
-0.029755,-0.026093,-0.060578,-0.15518,0.017243,0.016632,0.021515,-0.0032044
-0.031891,-0.0096132,-0.05417,-0.11978,0.018769,0.019379,-0.002594,0.0038148
-0.031586,-0.011749,-0.059052,-0.13352,0.036164,-0.013581,0.0032044,-0.01236
-0.024262,0.00015259,-0.062409,-0.14878,0.048066,0.010834,-0.01236,-0.0065614
-0.0022889,-0.0028992,-0.063325,-0.13474,0.02121,0.027924,-0.0041199,0.00045777
0.0086976,-0.060578,-0.060883,-0.1445,0.0016785,0.0028992,0.024262,-0.0041199
-0.030365,-0.064851,-0.062715,-0.15091,0.00076295,0.002594,0.0080873,-0.00045777
-0.047456,0.021515,-0.077974,-0.14542,-0.011444,-0.0071717,0.011749,-0.01297
-0.031586,0.027619,-0.082856,-0.16251,-0.014496,0.0028992,0.0053407,-0.015412
-0.009308,-0.033417,-0.064546,-0.12589,-0.0074769,-0.0013733,0.0068666,0.002594
-0.044404,-0.064546,0.0022889,-0.067292,-0.01297,0.011139,0.018769,0.022126
-0.13138,-0.04654,-0.0383,-0.089265,-0.0062562,0.009308,0.016022,0.037995
-0.098116,-0.057832,-0.062104,-0.13901,0.022126,0.00015259,0.0013733,0.020905
-0.0035096,-0.023651,-0.060883,-0.1384,0.0032044,0.016938,0.015717,0.02121
0.047456,-0.002594,-0.074617,-0.13931,0.0077821,0.027924,0.023651,0.037995
0.0065614,-0.027619,-0.070039,-0.14694,0.0068666,0.025483,0.020905,0.039521
-0.0206,-0.050813,-0.062104,-0.15091,0.011139,0.009308,0.0090028,0.026093
-0.0083925,-0.057527,-0.049897,-0.16587,0.01297,-0.0013733,-0.0010681,0.018769
-0.014496,-0.042878,-0.044404,-0.15152,0.005951,0.005951,0.015412,0.041352
-0.042878,-0.04593,-0.044099,-0.13474,0.017243,0.012665,0.012665,0.018158
-0.066987,-0.052338,-0.037995,-0.12284,0.033417,0.0047303,-0.024567,-0.02121
-0.087434,-0.038911,-0.038605,-0.11063,0.041962,-0.0010681,-0.017548,-0.027008
-0.08957,-0.093538,-0.019074,-0.084688,0.029145,-0.0053407,0.0096132,-0.044404
-0.056916,-0.056916,-0.068208,-0.12924,0.033722,-0.0056458,-0.0096132,-0.044404
0.026093,-0.014801,-0.078584,-0.15763,0.025177,0.0038148,-0.0065614,-0.00045777
0.0041199,-0.038911,-0.059968,-0.14725,-0.0090028,0.024872,0.027314,0.045624
-0.059663,-0.056916,-0.057221,-0.13962,-0.016938,0.011444,0.032807,0.085908
-0.078279,-0.027314,-0.061799,-0.11551,0.0041199,0.013275,0.019074,0.034333
-0.0050355,0.0016785,-0.061189,-0.1207,-0.0019837,0.020294,0.0077821,-0.023346
0.048066,-0.0035096,-0.05478,-0.13107,-0.0096132,0.011139,-0.0047303,0.005951
0.049592,0.0047303,-0.074311,-0.13596,-0.016938,0.005951,-0.01236,0.046845
0.02182,0.052338,-0.08835,-0.14481,-0.016327,0.011139,0.0071717,0.037385
-0.045014,0.0086976,-0.070954,-0.14908,-0.00076295,-0.0062562,0.011749,0.030976
-0.058747,-0.0041199,-0.072786,-0.16251,0.019379,-0.005951,-0.0032044,0.0096132
-0.039216,-0.020905,-0.041047,-0.13138,0.0096132,0.0044251,0.019074,-0.024262
-0.038605,-0.060578,-0.01297,-0.085298,0.0035096,0.016632,0.0090028,0.0096132
-0.039826,-0.10483,-0.0383,-0.12314,0.029145,0.011444,0.010834,0.014191
-0.05539,-0.20676,-0.048371,-0.14939,0.033417,-0.0096132,-0.002594,0.002594
-0.036469,-0.12802,-0.072786,-0.14542,0.0206,-0.0074769,0.0090028,0.024262
-0.02121,-0.0206,-0.07248,-0.14359,-0.0019837,0.0086976,0.021515,0.019989
-0.033112,-0.034028,-0.042878,-0.089876,-0.0032044,0.028229,0.02182,0.051118
-0.030976,-0.042573,-0.046235,-0.10117,0.0074769,0.011139,0.01297,0.040436
-0.041352,-0.040742,-0.062104,-0.11307,0.017243,0.010529,0.013886,0.0053407
-0.04654,-0.033722,-0.056001,-0.1207,-0.0053407,0.018769,0.013886,0.0050355
-0.040742,-0.020905,-0.07126,-0.12558,0.0041199,-0.0041199,0.018769,-0.010224
-0.045014,-0.021515,-0.07248,-0.13718,-0.00076295,-0.0086976,0.016022,-0.027314
-0.045319,-0.010224,-0.068818,-0.13901,-0.010529,0.0028992,0.018158,-0.011139
-0.009308,-0.0038148,-0.064851,-0.14359,-0.00076295,0.0068666,0.019379,-0.0047303
-0.019379,-0.016327,-0.044099,-0.12345,-0.00045777,-0.0032044,0.013886,0.020905
-0.027008,-0.01236,-0.060273,-0.14145,0.019074,0.0080873,0.0096132,0.033112
-0.02945,-0.0065614,-0.061799,-0.15793,0.033417,0.028534,0.011139,0.013275
0.01297,-0.0035096,-0.063325,-0.14389,0.030976,0.019379,0.011139,0.015106
0.037995,0.011444,-0.062409,-0.13596,0.018158,0.013886,0.012665,0.019379
0.014191,-0.027924,-0.066682,-0.13474,0.025177,0.028534,0.0053407,0.022126
-0.037385,-0.0086976,-0.069429,-0.13901,0.033417,0.029145,-0.015717,0.0074769
-0.051728,-0.0013733,-0.067903,-0.15305,0.011749,0.018463,-0.0086976,-0.012665
-0.095979,-0.041962,-0.050202,-0.12039,0.0090028,-0.00076295,0.0086976,-0.016632
-0.031281,-0.11826,-0.036164,-0.14511,0.010529,-0.005951,0.00045777,-0.023041
0.015717,-0.17899,-0.035554,-0.12924,-0.0068666,-0.011444,0.013886,-0.017243
-0.010834,-0.19791,-0.04715,-0.10056,-0.01236,-0.0035096,0.010834,0.022736
-0.046845,-0.042267,-0.065766,-0.13504,0.0032044,0.014496,0.012665,0.021515
-0.0383,0.033112,-0.090181,-0.14359,-0.01236,0.020294,0.018158,0.02121
-0.075227,0.031281,-0.076143,-0.12345,-0.029145,0.0083925,0.025177,0.027314
-0.10178,0.11063,-0.10056,-0.12558,-0.028534,0.010529,0.0065614,0.026093
-0.043183,0.1387,-0.077058,-0.12375,0.0041199,0.0083925,0.0028992,-0.018463
0.019074,0.022431,-0.06424,-0.16281,0.019074,-0.0038148,-0.014801,-0.030671
0.024872,-0.030976,-0.050813,-0.14878,0.014191,0.0013733,0.024262,-0.0010681
0.0050355,-0.059358,-0.036774,-0.11734,0.017243,0.0090028,0.026703,0.014801
-0.053254,-0.082856,-0.016327,-0.085603,0.027314,0.0053407,0.0056458,0.022736
-0.046845,-0.068513,-0.035554,-0.121,0.024872,0.012665,0.005951,0.0056458
-0.021515,-0.13413,-0.049897,-0.14847,0.036774,0.016327,0.0086976,0.019379
0.033112,-0.12741,-0.064851,-0.15915,0.035554,0.018158,-0.0047303,0.0041199
-0.02945,-0.1387,-0.053254,-0.14328,0.019074,0.019379,0.0041199,0.027924
-0.02945,-0.15488,-0.029145,-0.12314,0.014801,0.02121,0.02182,0.028229
-0.031586,-0.074617,-0.037995,-0.12131,0.013886,0.031586,0.016632,0.00045777
-0.041352,0.016327,-0.068513,-0.14054,0.0056458,0.014496,0.0050355,0.015412
-0.019379,0.043183,-0.076143,-0.15061,0.00045777,-0.0096132,-0.01236,-0.019379
-0.0050355,0.047456,-0.085908,-0.14389,-0.0035096,0.0032044,0.015717,-0.0080873
-0.06363,-0.024567,-0.034333,-0.11948,-0.039216,0.0065614,0.029145,0.035248
-0.094148,-0.075837,-0.043183,-0.087739,-0.033722,-0.0062562,0.0050355,0.016632
-0.022431,-0.046235,-0.056306,-0.11948,0.0096132,-0.011444,-0.037385,-0.031586
-0.029755,-0.030365,-0.06424,-0.16403,0.018769,0.0068666,-0.0019837,-0.027314
-0.025177,0.012055,-0.070039,-0.13382,0.011444,-0.0013733,0.034333,-0.0065614
-0.031891,0.060578,-0.059968,-0.12161,-0.0010681,0.0013733,0.010834,-0.022431
-0.010529,0.060273,-0.06424,-0.11673,0.019074,-0.0086976,-0.0074769,-0.034943
-0.015106,0.014191,-0.070649,-0.12985,0.032197,-0.0032044,0.010529,-0.019684
-0.023346,0.00015259,-0.066987,-0.15122,0.0206,0.013886,0.015106,-0.022126
-0.035554,-0.025483,-0.052338,-0.13382,0.0206,0.0090028,-0.00015259,-0.0047303
-0.019379,-0.041962,-0.053864,-0.14115,0.019074,-0.0019837,-0.00015259,0.023346
-0.025483,-0.022431,-0.067292,-0.1619,0.017243,0.0038148,0.0074769,0.034943
-0.12741,-0.11002,-0.049897,-0.1387,0.013886,0.033417,0.016022,0.031281
-0.14817,-0.15671,-0.048981,-0.12558,-0.0074769,0.044404,0.033112,0.031586
-0.044709,-0.099947,-0.057221,-0.11521,-0.00076295,-0.00015259,0.022126,-0.0019837
-0.0053407,-0.050202,-0.055085,-0.11124,0.0028992,0.002594,0.022736,0.027314
-0.015717,-0.024567,-0.060883,-0.12741,0.0056458,0.017243,0.0383,0.065461
0.0016785,-0.02945,-0.065156,-0.14878,0.0028992,-0.0050355,0.024262,0.048981
0.0077821,-0.036469,-0.070954,-0.13657,0.0013733,0.01297,0.016022,0.0032044
0.010529,-0.027924,-0.068513,-0.13901,-0.0050355,0.016632,0.017243,0.019379
0.033417,-0.0086976,-0.070649,-0.14908,-0.0050355,0.012055,0.027314,0.034333
0.033722,-0.0068666,-0.069123,-0.15671,0.0019837,0.0044251,0.03769,0.04593
-0.0080873,-0.049897,-0.048981,-0.11582,0.015106,0.0080873,0.025788,0.035554
-0.039826,-0.067903,-0.039826,-0.12589,0.0206,0.014191,-0.0032044,0.0032044
-0.019684,-0.037995,-0.042878,-0.13169,0.026703,0.010529,-0.015106,-0.016938
-0.00045777,-0.036469,-0.041047,-0.099947,0.035248,-0.0050355,-0.015106,-0.022126
-0.015106,-0.032807,-0.053254,-0.103,0.02182,-0.0041199,-0.015106,0.0028992
-0.026703,-0.023957,-0.067903,-0.14572,0.014191,0.020294,-0.0047303,0.0056458
-0.030671,0.051118,-0.074006,-0.1265,0.0038148,-0.0047303,0.009308,0.0068666
-0.043793,0.04593,-0.068513,-0.14328,0.0038148,-0.0080873,0.02884,0.024872
-0.022126,0.021515,-0.066987,-0.13687,0.0071717,0.02121,0.0016785,0.012055
-0.025483,-0.013581,-0.052949,-0.12375,-0.0096132,0.023957,0.00076295,0.0071717
-0.0383,-0.044404,-0.04654,-0.14084,-0.013581,0.038605,0.029145,0.038911
-0.039216,-0.086213,-0.045014,-0.13993,-0.010834,0.025177,0.010529,0.024872
-0.081636,-0.23575,-0.027619,-0.12741,-0.014496,0.0080873,-0.002594,0.0080873
-0.08957,-0.23575,-0.044709,-0.13748,-0.0019837,0.018769,0.0099184,-0.010224
-0.045014,-0.041962,-0.065156,-0.15152,0.025483,0.013275,0.002594,-0.019074
-0.018463,-0.002594,-0.068818,-0.14176,0.015106,-0.0077821,-0.0047303,-0.0062562
0.0010681,0.014191,-0.068818,-0.14939,0.017548,-0.0035096,0.022736,0.014801
-0.010834,-0.046235,-0.04715,-0.10727,0.016632,0.028534,0.027314,0.017853
-0.033417,-0.093538,-0.04593,-0.12284,0.01297,0.018463,0.016938,0.015106
-0.038605,-0.11856,-0.051118,-0.15946,0.023346,0.0062562,0.00045777,-0.022126
-0.026398,-0.033417,-0.05417,-0.14725,0.022736,0.015412,0.019074,-0.025483
-0.035859,0.053254,-0.062409,-0.14389,0.0035096,-0.0016785,0.02182,0.015717
-0.043793,0.033112,-0.074922,-0.11673,0.00045777,0.0038148,0.0071717,0.020905
-0.043793,0.054475,-0.090181,-0.11307,0.032807,0.014496,0.027314,0.022736
-0.063325,0.14145,-0.084077,-0.14908,0.027924,0.017853,0.031281,0.015412
-0.066072,-0.0065614,-0.06302,-0.15,0.00045777,0.012665,0.027619,0.017243
-0.077974,-0.064851,-0.074922,-0.12192,-0.0028992,0.0010681,0.02884,0.026093
-0.074006,-0.06424,-0.048676,-0.098726,0.0056458,-0.0019837,0.0068666,0.0074769
-0.058137,-0.073701,-0.023651,-0.12284,0.014191,0.0053407,-0.018158,0.0050355
0.030976,-0.04593,-0.036774,-0.14267,0.0071717,0.010834,0.0047303,-0.0065614
0.057832,-0.036164,-0.046845,-0.16159,-0.0080873,0.011139,0.0016785,0.015106
0.00045777,-0.027619,-0.056916,-0.13748,-0.015412,0.024567,0.019684,0.051118
-0.06363,-0.080415,-0.047761,-0.093233,-0.0080873,0.0028992,0.023651,0.039216
0.0010681,-0.078889,-0.07248,-0.12192,0.026703,-0.0050355,-0.010224,0.0053407
0.021515,0.050507,-0.091402,-0.1735,0.063935,-0.0074769,-0.017548,0.02121
0.002594,0.063935,-0.078279,-0.16953,0.034943,0.010834,0.027619,0.057527
-0.0083925,0.013886,-0.052338,-0.14908,0.0047303,0.022431,0.027924,0.042267
-0.0090028,-0.011749,-0.027619,-0.12802,0.0096132,-0.0013733,0.027314,0.042878
-0.020905,-0.055695,-0.047761,-0.11795,0.012665,0.009308,0.013275,0.027619
-0.052644,-0.10544,-0.056611,-0.12192,0.0013733,0.019379,0.037995,0.035554
-0.032807,-0.10452,-0.045624,-0.10941,0.022736,0.0013733,0.013581,0.00045777
0.019989,-0.070954,-0.063325,-0.13291,0.013275,0.0071717,-0.002594,-0.0053407
-0.014496,-0.015412,-0.082551,-0.13718,-0.0035096,0.0071717,0.019379,0.023651
-0.087739,-0.036774,-0.078584,-0.13596,-0.0074769,0.011139,0.0068666,0.0047303
-0.087739,-0.060578,-0.048676,-0.13535,-0.010224,0.0080873,0.00076295,-0.034943
-0.043488,-0.016938,-0.049897,-0.14878,-0.016327,0.015412,0.011444,-0.02121
0.017853,0.031281,-0.069429,-0.14603,0.00076295,0.020294,0.012055,-0.0041199
-0.02884,-0.011749,-0.051728,-0.10758,-0.0071717,0.010224,-0.002594,0.018769
-0.055085,-0.014496,-0.05417,-0.13962,0.011444,-0.015717,0.0035096,-0.012055
-0.028534,-0.015412,-0.049287,-0.14786,0.043183,-0.019684,-0.0032044,-0.02121
-0.023651,-0.058747,-0.050202,-0.12863,0.017853,0.0013733,0.014191,0.0099184
-0.013581,-0.0795,-0.061189,-0.12314,-0.0065614,0.035554,0.034028,0.031891
-0.012665,-0.052949,-0.048371,-0.12284,0.014191,0.027314,0.017853,0.027924
-0.035248,-0.066987,-0.040436,-0.10544,0.030365,0.018769,0.0096132,0.02884
-0.02121,-0.095979,-0.062409,-0.14511,0.039826,0.012055,-0.022126,-0.0044251
-0.022126,-0.11185,-0.058747,-0.1384,0.032197,0.0038148,-0.021515,-0.037385
-0.018769,-0.049897,-0.060883,-0.12985,0.012055,0.026703,0.016938,0.00045777
-0.0068666,0.009308,-0.065156,-0.1384,0.010529,0.022126,0.040436,0.03769
0.036774,0.033112,-0.070954,-0.10361,-0.00076295,0.0032044,0.030976,0.017548
0.0010681,0.057221,-0.079194,-0.11887,-0.010224,0.012055,0.0010681,0.019379
-0.065156,0.02182,-0.065766,-0.11948,0.0047303,0.020294,-0.0068666,0.015106
-0.093843,0.0062562,-0.057832,-0.10147,-0.0035096,0.010529,-0.00076295,-0.0083925
-0.083467,-0.049592,-0.052338,-0.11368,0.0010681,0.019379,0.012665,-0.023041
-0.069429,-0.15488,-0.04715,-0.13199,-0.011139,0.018769,0.011139,-0.010529
-0.0041199,-0.14298,-0.048981,-0.15763,-0.010224,-0.0056458,0.017243,0.0071717
-0.019684,-0.121,-0.051728,-0.14725,-0.011139,0.0022889,0.029755,0.044099
-0.020294,-0.080415,-0.045624,-0.14694,-0.0032044,0.0047303,0.023651,0.059968
-0.010834,-0.027924,-0.060578,-0.15122,0.019684,0.0062562,0.0032044,0.0019837
-0.027619,-0.023957,-0.058747,-0.14084,0.030365,0.0062562,0.0010681,-0.031281
-0.039826,-0.048066,-0.050813,-0.15518,0.029755,0.005951,-0.0062562,-0.0080873
-0.049897,-0.034028,-0.04654,-0.12589,0.033722,-0.0071717,0.0065614,-0.00076295
-0.08011,-0.03006,-0.0383,-0.11063,0.033722,0.010834,0.022736,0.023346
0.0038148,-0.014191,-0.059968,-0.12314,0.042878,0.024567,0.012055,0.02182
0.010529,0.028229,-0.067903,-0.13382,0.032807,0.01297,0.0071717,0.012665
-0.0041199,0.027619,-0.068208,-0.14145,0.011444,0.016632,0.027008,0.014801
-0.02884,0.011139,-0.068208,-0.13443,-0.013581,0.0047303,0.019684,0.013581
-0.014191,0.035859,-0.10513,-0.13718,-0.013275,0.0053407,-0.0019837,0.016632
-0.0044251,0.060578,-0.094453,-0.1265,0.005951,-0.0077821,-0.016327,-0.0019837
-0.027314,0.031586,-0.081025,-0.10788,-0.018463,0.0022889,0.0053407,0.0028992
-0.017243,-0.024567,-0.073396,-0.11337,-0.018463,-0.0010681,0.0038148,-0.0010681
-0.014801,-0.0383,-0.04715,-0.13901,0.00076295,-0.0013733,0.0090028,-0.024872
-0.025788,-0.039521,-0.029755,-0.16587,-0.010224,0.0041199,0.0090028,-0.021515
-0.041047,-0.034943,-0.0022889,-0.13046,-0.0013733,0.0038148,0.0053407,-0.012665
-0.064546,-0.17075,0.041047,-0.11337,0.0090028,0.00045777,0.0056458,0.0096132
-0.048371,-0.21103,-0.01297,-0.11917,0.014801,0.016022,0.017548,0.013275
-0.048676,-0.12589,-0.062104,-0.13718,0.031586,0.018158,0.0099184,0.009308
-0.10941,-0.074006,-0.057832,-0.12955,0.031586,0.0010681,0.02884,0.012055
-0.042878,-0.05417,-0.078889,-0.14542,0.031891,0.0038148,0.024872,0.0056458
-0.0028992,-0.017853,-0.082856,-0.13046,0.023346,0.028534,0.012665,0.033417
-0.018769,-0.018769,-0.078584,-0.14939,0.035554,0.028534,0.016938,0.053559
-0.044709,0.005951,-0.095979,-0.13382,0.029755,0.020905,0.031281,0.053864
-0.039826,0.069123,-0.094453,-0.14969,0.0074769,0.033112,0.009308,0.016022
-0.060883,-0.014191,-0.060883,-0.12467,0.0080873,0.014496,-0.0044251,-0.0035096
-0.056001,-0.062409,-0.044404,-0.14786,-0.0050355,0.00076295,-0.019074,0.0068666
-0.040436,-0.02182,-0.04654,-0.13169,-0.016938,0.018463,0.010834,-0.015412
-0.03769,-0.022431,-0.046845,-0.12711,-0.029755,0.013275,0.0065614,-0.018158
-0.0022889,-0.012055,-0.065766,-0.13138,-0.010834,-0.016327,0.0041199,-0.014191
-0.0050355,0.0083925,-0.050507,-0.12589,0.005951,-0.00015259,0.011444,0.015412
-0.012665,0.0032044,-0.057221,-0.12192,0.019379,0.0022889,0.005951,0.042267
-0.022431,0.00015259,-0.068818,-0.095064,0.044099,-0.0071717,0.030976,0.03006
-0.016327,-0.030976,-0.061189,-0.12985,0.052949,0.011139,0.0013733,0.0065614
-0.013581,-0.067597,-0.058137,-0.14298,0.031891,0.023346,0.0056458,0.011749
-0.0013733,-0.10758,-0.059968,-0.14054,0.010834,0.024262,0.035859,0.036774
-0.0032044,-0.077363,-0.067903,-0.14359,0.012665,0.039216,0.027314,0.015412
0.016632,-0.0062562,-0.083162,-0.17075,-0.0032044,0.0206,0.024262,0.019684
-0.031281,-0.036164,-0.035554,-0.09659,-0.010224,0.016022,0.0071717,0.0016785
-0.068208,-0.063325,-0.030365,-0.082856,-0.014191,0.036164,-0.0053407,0.002594
-0.020294,-0.028534,-0.063325,-0.12192,0.040131,0.0206,-0.0028992,-0.031586
-0.0065614,-0.0044251,-0.066072,-0.15396,0.023346,0.014496,0.025788,-0.0071717
-0.035248,-0.026093,-0.065766,-0.16953,-0.034333,0.00015259,0.023651,0.041657
-0.074922,-0.05478,-0.056306,-0.13596,-0.024262,-0.0056458,0.017853,0.039216
-0.077668,-0.052949,-0.067292,-0.14084,-0.015412,-0.0013733,0.0050355,-0.00076295
-0.039826,-0.044709,-0.062104,-0.13046,-0.020294,-0.009308,0.00076295,-0.012665
-0.0062562,-0.042573,-0.062104,-0.12161,-0.010834,0.012665,0.020294,0.017548
-0.027314,-0.044404,-0.054475,-0.11887,0.0016785,0.017853,0.013886,0.024262
-0.027008,-0.036469,-0.036469,-0.13535,0.017853,0.0068666,-0.015412,0.00045777
-0.023041,-0.030365,-0.045014,-0.12284,0.025788,-0.0010681,-0.021515,-0.0056458
-0.02121,-0.0206,-0.063935,-0.13901,0.027924,-0.0038148,0.0056458,-0.0062562
-0.00076295,-0.030365,-0.055695,-0.14511,0.024262,-0.0053407,-0.0019837,-0.002594
0.0041199,-0.031891,-0.046845,-0.14054,0.033417,0.035248,-0.0019837,0.011139
0.0032044,0.017548,-0.062104,-0.15366,0.035248,0.031281,0.009308,0.026703
-0.047456,0.027924,-0.072786,-0.1619,0.025177,-0.0038148,0.0086976,0.014801
-0.085298,-0.013886,-0.078584,-0.12192,0.016938,0.0065614,-0.0062562,0.017548
-0.088045,-0.055695,-0.066987,-0.1146,0.0047303,0.014191,-0.002594,-0.0019837
-0.0795,-0.074617,-0.050507,-0.087129,0.014801,-0.0080873,0.012055,-0.010834
-0.074006,-0.044099,-0.040131,-0.10147,0.025788,0.019074,0.015717,-0.017548
-0.052949,-0.060273,-0.031891,-0.11398,0.016938,0.016022,0.011444,-0.018158
-0.042878,-0.11246,-0.044099,-0.12192,-0.0022889,0.0041199,0.011139,0.011749
0.018769,-0.08896,-0.052033,-0.15915,-0.0086976,0.0028992,0.028229,0.02182
0.040436,-0.039521,-0.073091,-0.15763,-0.015106,0.002594,0.022736,0.028229
0.005951,-0.036469,-0.073091,-0.1268,-0.026398,0.012665,0.027619,0.076143
0.012055,-0.037385,-0.061189,-0.14359,-0.021515,0.019379,0.037995,0.065766
0.039826,-0.020905,-0.048981,-0.1207,-0.00076295,0.0013733,-0.002594,0.031891
0.00076295,-0.014191,-0.059968,-0.14298,0.024262,0.0032044,-0.00045777,0.053254
-0.02945,-0.01297,-0.064851,-0.15122,0.029755,0.0028992,0.0019837,0.036164
-0.039216,0.0010681,-0.062715,-0.13748,0.0056458,0.013275,-0.0068666,-0.01236
-0.038605,-0.0080873,-0.059052,-0.12345,0.024262,0.016632,-0.025788,-0.049592
-0.043183,-0.033722,-0.051728,-0.14328,0.02884,-0.015717,-0.020905,-0.052949
-0.059358,-0.0383,-0.057832,-0.10513,0.013886,0.014191,0.0038148,-0.025483
-0.034638,-0.050507,-0.050813,-0.1033,0.030976,-0.0028992,0.0032044,-0.010529
-0.030671,0.013581,-0.06302,-0.13321,0.01297,0.00015259,-0.0047303,0.0038148
-0.040436,0.040131,-0.072786,-0.1387,-0.002594,0.024262,0.02182,0.0074769
-0.0206,0.016022,-0.070649,-0.15183,0.0028992,0.017243,0.034943,-0.0047303
0.002594,-0.083772,-0.077058,-0.1561,0.0050355,0.0028992,0.014801,0.027008
-0.031586,-0.19577,-0.052949,-0.14969,-0.017243,0.002594,0.027314,0.06424
-0.041962,-0.12802,-0.040131,-0.14847,-0.028229,0.0013733,0.035554,0.053254
-0.024567,-0.12497,-0.035554,-0.11368,0.0047303,0.0028992,0.02182,0.030365
-0.024262,-0.10483,-0.021515,-0.099031,0.013275,0.023346,0.019074,0.0047303
-0.032807,0.069123,-0.043183,-0.11948,0.012055,0.010529,-0.009308,0.0068666
-0.08896,0.13931,-0.077058,-0.14054,0.0056458,-0.0041199,0.0019837,0.03006
-0.07126,0.16587,-0.10758,-0.094759,0.0053407,0.0062562,0.0010681,-0.0019837
0.12528,0.043183,-0.09659,-0.12528,0.039216,0.00015259,-0.016632,-0.040436
0.11978,-0.031586,-0.067903,-0.14115,0.037385,0.0010681,-0.0035096,0.0019837
0.01297,-0.02182,-0.056916,-0.16312,0.011444,-0.0032044,-0.0032044,0.048981
-0.0071717,0.0062562,-0.039826,-0.14908,0.020905,0.0044251,-0.0028992,0.0068666
-0.00045777,-0.016022,-0.01297,-0.13046,0.019684,0.0053407,0.0090028,-0.002594
-0.048371,-0.082856,0.005951,-0.12741,0.017548,0.00076295,0.015106,0.016938
-0.10788,-0.1207,-0.050813,-0.12985,0.010834,0.014801,0.022736,0.017548
-0.13016,-0.088045,-0.070344,-0.12161,-0.0028992,0.0010681,0.010529,-0.0080873
-0.12131,-0.093843,-0.06424,-0.11948,-0.02121,0.017243,-0.00045777,-0.031891
-0.095064,-0.14878,-0.075227,-0.13901,-0.022736,0.02884,0.014191,-0.024262
-0.068818,-0.08896,-0.078584,-0.15396,-0.027008,0.025177,0.019989,0.011139
0.016022,-0.024262,-0.0795,-0.12528,-0.031586,0.010529,0.010529,0.048371
0.03769,-0.00076295,-0.070649,-0.14267,-0.023041,0.0044251,0.019379,0.064546
-0.031891,-0.066987,-0.043183,-0.14145,-0.010834,-0.0022889,0.017548,0.059358
-0.065156,-0.043488,-0.063325,-0.1265,0.01297,-0.009308,0.002594,0.016022
-0.016327,0.025483,-0.058137,-0.12345,0.03769,-0.0047303,0.0077821,-0.027314
0.039521,-0.026093,-0.055085,-0.12375,0.050507,0.016938,0.037079,0.0041199
-0.0074769,-0.060883,-0.041962,-0.14054,0.06363,0.01297,0.02884,0.053864
-0.052949,-0.049592,-0.044404,-0.12924,0.047456,0.0038148,0.016022,0.029145
-0.033417,-0.013581,-0.061189,-0.11093,0.027619,0.013886,-0.00076295,-0.02945
-0.021515,-0.0022889,-0.061189,-0.13901,0.024872,0.014801,-0.0050355,-0.04654
-0.042878,-0.023651,-0.064851,-0.15702,0.017548,0.016022,0.00045777,-0.034943
-0.05478,-0.066072,-0.051728,-0.14664,0.012665,0.016938,0.0096132,-0.017243
-0.04654,-0.11429,-0.052644,-0.12772,0.0041199,0.015412,0.005951,0.0056458
-0.033112,-0.094453,-0.058442,-0.14847,-0.009308,0.0028992,-0.0086976,0.0099184
-0.039826,-0.041962,-0.060883,-0.15549,-0.016632,0.0041199,-0.0096132,0.014191
-0.052949,-0.024567,-0.066377,-0.14511,-0.025483,0.019989,0.00076295,0.017243
-0.023651,-0.016632,-0.064546,-0.11795,-0.027008,0.016327,0.002594,0.014801
-0.0050355,-0.028534,-0.049897,-0.11978,-0.013581,0.02884,0.015412,0.017243
-0.025177,-0.02182,-0.044709,-0.1268,0.013275,0.02121,0.011444,0.024262
-0.033112,-0.034943,-0.056306,-0.1387,0.024262,0.027008,-0.0053407,0.025788
-0.037079,-0.040436,-0.062715,-0.13748,0.011444,0.014191,0.015106,0.020905
-0.040742,-0.034028,-0.062715,-0.12375,0.0086976,0.026093,0.02182,0.0035096
-0.036469,-0.02182,-0.052644,-0.11551,0.012055,0.0047303,0.025483,0.0080873
-0.023346,-0.03769,-0.050507,-0.11337,0.016938,-0.00015259,0.010834,0.011139
-0.0028992,-0.0080873,-0.04593,-0.13718,0.025177,-0.01297,0.011139,0.017243
-0.017243,0.023651,-0.048981,-0.15488,0.022736,0.0028992,0.015412,0.011749
-0.039521,-0.002594,-0.061189,-0.13565,0.0099184,0.0010681,-0.0010681,0.0053407
-0.063935,-0.0083925,-0.084382,-0.11582,0.0077821,0.0090028,0.0068666,0.0010681
-0.048676,0.0053407,-0.086519,-0.12253,0.025788,0.0099184,0.0071717,-0.024872
-0.038911,-0.0038148,-0.07248,-0.14481,0.013275,0.009308,0.012055,-0.016327
-0.016327,-0.016022,-0.056611,-0.11582,-0.0019837,0.022126,0.024262,-0.022431
-0.010834,-0.019684,-0.042573,-0.12314,-0.013581,0.015106,0.011139,-0.015717
-0.030976,-0.063325,-0.030976,-0.11978,-0.023041,0.0041199,0.0010681,0.0053407
-0.025483,-0.073396,-0.044709,-0.14664,-0.015412,-0.00015259,0.0096132,0.0056458
-0.043183,-0.1268,-0.045624,-0.13321,-0.0074769,-0.0090028,0.017853,0.031891
-0.039826,-0.1387,-0.052033,-0.11398,0.0038148,-0.005951,0.026703,0.045319
-0.023651,-0.065461,-0.062104,-0.15671,0.019074,-0.0038148,0.027924,0.028229
-0.02884,-0.1088,-0.068208,-0.14176,0.018158,0.01297,0.019074,0.019074
-0.0071717,-0.11734,-0.070039,-0.14176,0.017548,0.0090028,-0.0047303,-0.0068666
0.044404,0.0044251,-0.067903,-0.12284,0.009308,0.018463,-0.015106,-0.016938
0.039216,0.060273,-0.081025,-0.14145,0.011444,-0.023041,0.00076295,0.018158
0.0074769,0.04715,-0.070344,-0.14084,0.022126,-0.017548,0.012055,0.046235
-0.039216,0.033112,-0.050202,-0.11063,0.012665,0.0065614,0.016022,0.045624
-0.055695,0.019684,-0.052949,-0.11856,0.033722,0.01236,0.0035096,0.039521
-0.051728,-0.0016785,-0.073091,-0.12253,0.041352,0.0062562,0.0016785,0.0206
-0.040436,-0.029755,-0.066987,-0.1146,0.027924,0.0047303,0.019989,0.021515
-0.04654,-0.059663,-0.049897,-0.13748,0.0077821,0.0062562,0.0071717,0.023346
-0.041047,-0.070039,-0.066072,-0.15793,-0.014191,0.0065614,0.020905,0.00045777
-0.033112,-0.034638,-0.075227,-0.16403,-0.014801,0.024567,0.027008,-0.010224
-0.057832,-0.049592,-0.061799,-0.11185,-0.02121,0.032502,0.012055,-0.019379
-0.072175,-0.053559,-0.054475,-0.13565,-0.010529,0.020294,0.0099184,-0.020294
-0.026703,-0.05417,-0.066682,-0.16739,0.0090028,-0.0035096,0.011749,-0.013581
0.023346,0.026703,-0.082856,-0.15213,0.0074769,0.0053407,0.002594,-0.023041
-0.013275,0.033417,-0.068818,-0.11856,-0.014496,0.0099184,0.019684,0.0077821
-0.0206,0.079194,-0.036774,-0.13474,0.013581,-0.0074769,0.0099184,-0.013275
-0.038911,0.012665,-0.026398,-0.13321,0.044404,0.0053407,0.0038148,-0.033722
-0.069123,-0.056611,-0.029145,-0.10178,0.024872,0.018769,0.010529,-0.0086976
-0.065461,0.0047303,-0.040436,-0.12131,0.024872,0.01297,0.017243,-0.0090028
-0.052644,-0.12345,-0.055085,-0.16129,0.043183,0.016022,0.0090028,-0.011139
-0.0972,-0.34104,-0.036469,-0.13138,0.022736,0.014801,0.0065614,0.016022
-0.11124,-0.18387,-0.047761,-0.092317,0.0096132,0.016022,0.012665,0.0035096
-0.091707,-0.02884,-0.075227,-0.11093,0.020905,-0.0019837,0.0056458,-0.0090028
-0.048676,0.018158,-0.059968,-0.1326,0.030976,-0.0071717,-0.0083925,-0.015717
0.025788,0.012055,-0.053864,-0.11978,0.016022,0.022736,0.0074769,-0.0096132
0.064546,0.013886,-0.081025,-0.16709,-0.012055,0.035248,0.011749,0.0090028
0.061189,-0.02945,-0.0795,-0.13565,-0.0041199,0.0083925,0.037995,0.053559
0.18784,-0.0016785,-0.085908,-0.14542,-0.013581,-0.010224,0.04593,0.066682
0.12039,0.0086976,-0.077974,-0.14206,-0.027619,0.018463,0.031586,0.093843
-0.009308,-0.017548,-0.075837,-0.14847,-0.027619,0.011139,0.031586,0.12467
-0.024872,0.002594,-0.060883,-0.15793,-0.0050355,-0.0047303,0.02121,0.051118
-0.02884,-0.0065614,-0.026093,-0.10636,-0.0032044,0.0080873,0.018769,0.011749
-0.084993,-0.017548,-0.032197,-0.11521,0.0065614,0.018769,-0.0050355,-0.0028992
-0.12039,-0.070344,-0.0080873,-0.14328,0.03006,0.0071717,-0.013275,-0.043793
-0.12528,-0.121,-0.015412,-0.13046,0.025177,0.026093,0.0019837,-0.034333
-0.06363,-0.064546,-0.068818,-0.1445,0.02182,0.024567,-0.0028992,-0.034333
-0.014801,0.024567,-0.082246,-0.14908,0.028229,0.024262,0.0028992,-0.011444
-0.014496,0.015106,-0.077974,-0.1387,0.023651,0.02121,0.0077821,-0.002594
-0.040742,0.0062562,-0.064546,-0.12924,0.025788,0.0065614,-0.0032044,-0.01297
-0.041047,-0.00015259,-0.07187,-0.12253,0.0041199,0.0038148,0.014801,0.0077821
-0.039521,-0.014191,-0.066072,-0.12467,-0.0050355,0.010224,0.0047303,0.0035096
-0.059052,-0.061494,-0.058747,-0.11948,-0.012055,0.0099184,0.012055,0.0086976
-0.10361,-0.17746,-0.035859,-0.11978,0.0010681,0.0028992,0.020294,0.0056458
-0.092317,-0.15549,-0.05417,-0.12711,0.0077821,-0.0096132,0.00045777,0.0056458
-0.062715,-0.08957,-0.074617,-0.13657,-0.01297,-0.0028992,0.031586,0.019989
-0.035554,-0.030671,-0.056916,-0.15763,-0.015106,0.015412,0.036164,0.03006
-0.023346,-0.0065614,-0.052033,-0.11765,-0.0041199,-0.011749,0.026703,0.011139
-0.030365,0.0080873,-0.046235,-0.11521,0.016022,-0.00015259,0.018769,0.0071717
-0.041352,-0.021515,-0.059968,-0.11795,0.029755,0.0047303,-0.0071717,0.0047303
-0.026703,-0.026703,-0.065766,-0.14145,0.029145,0.0065614,-0.012665,0.0077821
-0.024872,-0.041352,-0.067903,-0.12772,0.019989,0.014191,0.016022,0.015106
-0.059052,-0.047761,-0.056611,-0.14908,0.019684,0.0041199,0.015717,0.0086976
-0.044709,-0.027619,-0.052644,-0.1445,0.023346,0.019379,-0.014801,-0.01297
0.085603,0.016022,-0.056001,-0.14267,0.0206,0.034333,-0.0013733,-0.0019837
0.099031,0.031586,-0.05417,-0.15885,0.014191,0.025177,0.029755,0.052949
0.012055,-0.025483,-0.058137,-0.12985,-0.0019837,0.015412,0.044404,0.084077
-0.05478,-0.050813,-0.069429,-0.10117,0.017243,0.019074,0.017548,0.046235
-0.049897,-0.048371,-0.052644,-0.13291,0.0206,-0.0047303,-0.0080873,0.0065614
-0.040742,-0.01236,-0.034638,-0.13687,0.0053407,-0.0071717,0.0041199,-0.0096132
-0.0074769,0.012665,-0.066377,-0.14176,-0.0050355,0.022736,-0.0065614,0.0077821
0.017243,0.0099184,-0.074006,-0.16495,-0.016327,0.028229,0.027314,0.022736
-0.038911,-0.05417,-0.046845,-0.10941,-0.02884,0.0206,0.034028,0.037079
-0.073701,-0.1561,-0.06424,-0.11643,0.005951,0.0013733,0.0053407,0.0077821
-0.074006,-0.14603,-0.056611,-0.13931,0.03006,-0.0019837,-0.0056458,-0.052644
-0.039216,-0.0068666,-0.036774,-0.11734,0.013581,0.015106,0.0032044,-0.039826
-0.0068666,0.047456,-0.055695,-0.11093,0.005951,0.00045777,0.012665,0.011749
-0.0035096,0.034028,-0.069429,-0.13931,0.015717,-0.0053407,0.017548,0.012055
-0.035554,0.011444,-0.043793,-0.13687,0.025177,0.0038148,0.015106,0.0090028
-0.033722,-0.046845,-0.051118,-0.1384,0.023651,0.0099184,0.011749,0.012055
-0.031586,-0.083467,-0.059052,-0.14145,0.033417,0.012665,0.0050355,0.0074769
-0.030671,-0.057832,-0.06302,-0.14206,0.032807,0.011444,0.0047303,0.0080873
-0.029755,-0.031891,-0.070954,-0.12894,0.0090028,0.0077821,0.0035096,0.011749
-0.086824,-0.061494,-0.064851,-0.12314,0.016632,-0.0028992,0.01297,0.02945
-0.065766,-0.084993,-0.056001,-0.13748,0.02182,-0.005951,0.0035096,0.023346
-0.014801,-0.07248,-0.04593,-0.10941,0.0028992,-0.0028992,-0.0074769,0.0074769
-0.022736,-0.033417,-0.060273,-0.12589,-0.0056458,0.0053407,0.009308,0.019074
-0.027314,-0.041962,-0.056916,-0.14908,-0.0010681,0.012665,0.0010681,0.013581
0.00045777,-0.034943,-0.061189,-0.12741,-0.0065614,0.0099184,0.011139,0.0053407
0.016022,-0.010224,-0.067292,-0.12497,-0.014496,0.015412,0.015717,0.021515
-0.022431,-0.0083925,-0.067903,-0.12772,-0.012055,0.0086976,0.032197,0.069734
-0.040436,0.011139,-0.070954,-0.1384,-0.0050355,0.014801,0.030365,0.044099
-0.033722,-0.014801,-0.060578,-0.15091,0.011444,-0.0077821,-0.0022889,-0.009308
-0.022431,-0.034638,-0.06302,-0.14755,0.025788,0.0047303,0.009308,-0.025483
-0.013581,-0.037385,-0.049287,-0.12528,0.014191,0.020905,0.022126,0.0065614
-0.019074,-0.043488,-0.042267,-0.13596,0.012665,0.020294,0.018769,0.0035096
-0.019684,-0.034943,-0.052644,-0.14267,0.023346,0.0032044,0.005951,-0.0062562
-0.029145,-0.032502,-0.070039,-0.1326,0.024872,0.009308,-0.0019837,0.00045777
-0.060883,-0.045319,-0.067903,-0.13901,0.029755,0.033112,0.0019837,0.023041
-0.07187,-0.023957,-0.061189,-0.13748,0.016022,0.022736,-0.0022889,-0.010224
-0.041047,-0.023651,-0.062409,-0.11704,0.0038148,0.011444,0.021515,-0.032502
0.0086976,-0.031586,-0.050813,-0.14511,-0.0047303,0.022126,0.018158,-0.022126
0.023957,-0.047456,-0.036469,-0.1091,0.0050355,0.029145,0.023651,-0.0096132
0.041657,-0.052949,-0.039826,-0.11673,0.0096132,0.012665,-0.0044251,0.017548
0.028229,0.0041199,-0.067903,-0.12772,-0.013275,0.0028992,-0.009308,0.037385
-0.017243,0.039521,-0.075227,-0.12894,-0.022736,0.013275,0.017548,0.048371
-0.048371,-0.034943,-0.061189,-0.13535,-0.0022889,-0.0053407,0.023957,0.032197
-0.045319,-0.11032,-0.050507,-0.15122,0.0050355,0.0062562,0.02945,0.0065614
-0.059052,-0.13626,-0.038911,-0.1445,0.0038148,0.023041,0.009308,-0.0050355
-0.069734,-0.065461,-0.029755,-0.13535,0.016022,0.0083925,0.0041199,-0.0083925
-0.052644,-0.13626,-0.036774,-0.12741,0.012665,-0.0013733,-0.0047303,0.00045777
-0.069123,-0.18753,-0.059358,-0.13107,0.002594,0.010834,0.017548,0.027314
-0.057832,0.076753,-0.08011,-0.13748,0.02182,-0.0099184,0.0032044,-0.0041199
-0.043183,0.11124,-0.091096,-0.12375,0.041047,0.016022,0.009308,-0.00045777
-0.010529,-0.0035096,-0.074311,-0.11917,0.043793,0.00045777,0.0080873,0.034333
0.009308,-0.015412,-0.049897,-0.121,0.033112,-0.0035096,0.02182,0.049897
0.030976,-0.0056458,-0.052644,-0.12039,0.027619,0.02121,0.011139,0.047761
-0.018463,-0.017853,-0.056916,-0.12528,0.021515,0.016938,0.0050355,0.023957
-0.033112,-0.011444,-0.064851,-0.15213,0.023957,0.0038148,0.015412,0.013886
-0.028534,-0.01236,-0.070954,-0.14786,0.017243,0.014191,-0.010529,-0.00045777
-0.055695,0.00015259,-0.068818,-0.14206,-0.022126,0.024262,0.019989,-0.0071717
-0.069123,-0.048676,-0.056306,-0.13931,-0.009308,0.005951,-0.013275,-0.035859
-0.058137,-0.046235,-0.065766,-0.14908,0.0032044,-0.00076295,-0.020294,-0.049592
-0.065156,-0.060578,-0.074006,-0.16342,-0.015106,0.022431,0.019379,-0.0090028
-0.060578,-0.039826,-0.070039,-0.15305,-0.015717,0.029145,0.041657,-0.0083925
-0.076143,-0.058442,-0.013581,-0.0972,-0.013275,0.018158,0.019379,-0.00076295
-0.089876,-0.068513,-0.020905,-0.1091,-0.0010681,0.0068666,0.0019837,-0.0013733
-0.093233,-0.0795,-0.058747,-0.13138,0.02945,-0.011139,0.0053407,0.0090028
-0.098421,-0.074922,-0.06424,-0.14481,0.033112,0.0077821,0.0068666,0.031891
-0.048676,-0.038605,-0.063935,-0.13321,0.026703,0.015106,0.025177,0.0077821
0.0038148,-0.074922,-0.048066,-0.11704,0.032197,0.010529,0.039521,0.002594
0.13016,-0.059663,-0.041962,-0.11307,0.034333,0.015412,0.026703,0.040436
0.262,0.024567,-0.066682,-0.11124,0.019684,0.0071717,0.013886,0.077363
0.28275,0.093233,-0.094759,-0.12985,0.0071717,0.018158,0.025483,0.12467
0.13596,0.063935,-0.086213,-0.12863,0.0050355,0.01297,0.037385,0.14054
0.016938,0.0206,-0.0795,-0.12314,-0.0028992,0.018158,-0.0056458,0.065156
-0.051118,0.0010681,-0.072786,-0.12589,-0.0083925,0.032807,0.0013733,-0.010834
-0.031891,0.092317,-0.050813,-0.14664,-0.0062562,0.0086976,-0.0068666,-0.055085
-0.069429,0.059968,-0.012665,-0.12863,-0.024567,0.010224,-0.010224,-0.041962
-0.16434,-0.061799,0.016327,-0.099641,-0.030976,0.0038148,-0.0019837,-0.0074769
-0.20523,-0.15946,0.014801,-0.085603,0.0077821,-0.005951,-0.024262,-0.023346
-0.16831,-0.20401,-0.044099,-0.13504,0.031586,-0.0090028,-0.0044251,-0.064851
-0.088045,-0.18387,-0.065766,-0.16861,0.033417,-0.0050355,-0.00015259,-0.056611
-0.035554,-0.083772,-0.086824,-0.18082,0.0068666,0.019989,0.021515,-0.002594
-0.029145,-0.016327,-0.082246,-0.14298,-0.012665,0.020905,0.019989,0.034028
-0.036774,-0.0038148,-0.072175,-0.12741,-0.0022889,0.011139,-0.00045777,0.016938
-0.056916,-0.019379,-0.070344,-0.14084,0.023957,0.0071717,0.00076295,-0.0053407
-0.064546,0.0071717,-0.081331,-0.14969,0.034943,-0.00015259,0.005951,-0.016327
-0.085298,0.031281,-0.09659,-0.13901,0.019379,-0.0019837,0.005951,-0.009308
-0.085298,-0.019379,-0.076143,-0.13046,0.019379,0.0099184,-0.00076295,-0.0068666
-0.062104,-0.1442,-0.050813,-0.12467,0.011139,0.014801,0.0013733,-0.0071717
-0.06302,-0.19242,-0.034333,-0.11154,0.00076295,0.013275,0.016022,0.021515
-0.072175,-0.091402,-0.048066,-0.10239,-0.0074769,0.024872,0.02945,0.057832
-0.052949,0.017548,-0.069429,-0.11704,0.0090028,0.018769,0.0053407,0.023041
-0.021515,0.0083925,-0.053254,-0.13474,-0.0053407,0.012665,0.014801,-0.0053407
-0.034943,-0.028229,-0.037079,-0.13138,-0.020905,0.010224,0.011139,0.021515
-0.025177,-0.060578,-0.036469,-0.13565,0.0016785,0.0022889,0.013275,0.0038148
-0.027008,-0.052644,-0.059358,-0.12284,0.0086976,0.011444,-0.0068666,-0.0090028
-0.025788,-0.014801,-0.07126,-0.13535,-0.0062562,0.018463,-0.0022889,0.010529
-0.04715,-0.048371,-0.062715,-0.13748,0.0068666,0.0044251,-0.0013733,0.024872
0.019684,-0.047761,-0.062715,-0.13657,0.02121,-0.022736,0.0065614,0.031281
0.059052,-0.017853,-0.063935,-0.14267,0.0090028,-0.0053407,0.023957,0.038911
0.041962,-0.0068666,-0.061799,-0.14664,0.0028992,-0.029145,0.043488,0.059052
0.032807,-0.0013733,-0.063325,-0.11917,0.015106,0.0053407,0.017853,0.051118
0.005951,-0.0062562,-0.069123,-0.13321,0.023651,0.022736,-0.011139,0.032197
-0.017548,-0.0083925,-0.073091,-0.1149,0.028229,-0.011139,0.011444,0.022126
-0.037385,-0.01297,-0.07187,-0.121,0.0383,-0.012055,0.0099184,0.0019837
-0.024262,-0.02884,-0.037079,-0.11093,0.042267,0.014496,0.0077821,-0.0022889
-0.0206,-0.046235,-0.040436,-0.12589,0.019989,0.012665,0.0028992,0.0056458
0.01297,-0.016022,-0.055695,-0.12894,-0.0096132,0.028534,0.0050355,0.023041
0.017243,-0.010224,-0.057832,-0.14267,-0.0053407,0.023041,0.011749,0.017243
-0.027314,-0.0065614,-0.061189,-0.14328,-0.012055,0.013886,0.0090028,0.033722
-0.050813,-0.030976,-0.05478,-0.13321,-0.0044251,0.0053407,0.0028992,0.0035096
-0.056001,-0.066377,-0.052338,-0.13321,0.0077821,-0.0010681,-0.0083925,-0.040742
-0.044404,-0.05417,-0.057221,-0.15976,0.012055,0.0086976,-0.0035096,-0.031586
-0.051728,-0.060273,-0.064546,-0.15396,-0.011139,-0.0028992,0.0074769,-0.010224
-0.041047,-0.042267,-0.060578,-0.15183,-0.0022889,0.0086976,0.0074769,-0.01297
-0.0383,-0.030976,-0.051728,-0.14145,0.023041,-0.013581,0.0086976,0.0053407
-0.02884,-0.045624,-0.049287,-0.10452,0.023957,0.0022889,0.019989,0.018158
-0.019074,-0.026398,-0.059968,-0.10513,0.028229,0.02884,0.013581,-0.017243
-0.029755,0.018463,-0.078584,-0.13382,0.034333,0.014191,0.0013733,-0.016938
-0.034333,0.015106,-0.066987,-0.12345,0.025788,0.012665,0.012055,-0.0096132
-0.03769,0.037995,-0.066072,-0.13687,0.0056458,0.038911,0.02945,0.0074769
-0.027314,-0.060578,-0.048676,-0.14908,-0.0035096,0.010529,0.02884,0.02121
-0.055085,-0.14298,-0.054475,-0.1207,-0.011139,0.025177,0.019074,0.052949
-0.037385,-0.20066,-0.058137,-0.13931,-0.00015259,0.020905,0.0038148,0.022736
-0.056001,-0.19791,-0.016022,-0.10575,-0.00015259,0.016938,0.0077821,0.011139
-0.072175,-0.07248,-0.032197,-0.13382,-0.0041199,0.01236,0.015412,0.019989
-0.029755,0.039216,-0.051118,-0.13718,-0.0083925,0.0068666,0.010834,-0.00076295
-0.00045777,0.17258,-0.082246,-0.14176,-0.014801,0.010224,0.010529,0.0074769
-0.036774,0.049897,-0.055695,-0.11032,-0.01236,0.011139,-0.0068666,0.032807
-0.015717,-0.068208,-0.048981,-0.10391,0.0035096,0.0065614,-0.009308,0.0099184
-0.010529,-0.039521,-0.068513,-0.13657,0.023651,-0.012055,-0.01236,-0.010529
-0.0056458,-0.02884,-0.068208,-0.15976,0.023041,-0.0086976,-0.0035096,0.0047303
-0.0080873,-0.0044251,-0.068513,-0.13748,0.010529,0.0013733,0.0080873,0.005951
-0.039521,-0.020294,-0.060883,-0.14054,0.0056458,0.0062562,0.0090028,0.0019837
-0.028534,-0.032197,-0.066377,-0.14725,0.015412,0.005951,0.019684,-0.018158
-0.022126,-0.038911,-0.063325,-0.16464,0.019074,0.014191,0.020905,-0.011444
-0.022736,-0.060578,-0.050507,-0.1387,0.02121,0.0086976,0.027008,0.014191
-0.025483,-0.052949,-0.062104,-0.12924,0.0053407,0.018463,0.027314,0.0099184
-0.038911,-0.05478,-0.056611,-0.14694,-0.0041199,0.027314,0.027619,0.0016785
-0.0383,-0.040742,-0.068513,-0.14206,-0.0019837,0.0053407,-0.0090028,0.0071717
-0.066987,-0.081636,-0.059358,-0.13138,-0.0090028,0.0068666,0.0041199,0.027619
-0.063935,-0.11734,-0.056306,-0.098421,0.0019837,-0.00015259,0.014801,0.018158
-0.043488,-0.0062562,-0.059968,-0.10056,0.016022,-0.0056458,-0.0041199,-0.00045777
-0.046845,0.085298,-0.062715,-0.12253,0.019074,0.0090028,-0.024262,0.017243
-0.047456,0.062409,-0.075227,-0.15061,0.017853,0.00076295,-0.0022889,0.01297
-0.018158,0.00045777,-0.053254,-0.14694,0.0010681,0.002594,0.030365,0.002594
0.016632,-0.034943,-0.029145,-0.12924,0.0041199,0.01236,0.022126,0.005951
-0.009308,-0.062715,-0.040436,-0.1384,0.018158,-0.00015259,0.013581,0.016022
-0.045014,-0.090486,-0.024262,-0.13352,0.0099184,0.0065614,0.025788,0.0035096
-0.043793,-0.016327,-0.078584,-0.15274,0.019684,0.00045777,-0.00045777,-0.018158
-0.026398,0.011444,-0.10605,-0.14481,0.024872,0.014496,-0.0019837,-0.014801
0.036164,0.02121,-0.099336,-0.15549,0.02121,-0.0071717,0.0032044,0.00045777
0.04654,0.023651,-0.08957,-0.13596,0.014191,0.009308,0.013275,0.027314
0.073396,0.049287,-0.087434,-0.14115,0.0053407,0.021515,0.016022,0.034333
0.014801,0.0038148,-0.044099,-0.0795,0.00076295,0.012665,0.013275,0.039216
-0.069429,-0.17014,0.024262,-0.049592,0.011139,0.0047303,0.016938,0.050507
-0.11002,-0.23362,0.028229,-0.08896,0.027924,-0.0056458,0.0096132,0.0028992
-0.0032044,-0.13016,-0.031891,-0.14115,0.018769,0.0050355,0.013886,0.0028992
-0.039521,-0.036774,-0.077974,-0.15335,-0.012665,0.031586,0.035248,0.044404
-0.050813,0.0053407,-0.0795,-0.15,-0.028534,0.037995,0.032807,0.035859
-0.060883,-0.031891,-0.08011,-0.16464,-0.019684,0.017853,0.018769,-0.010224
-0.051118,-0.08072,-0.075837,-0.13931,-0.02884,0.031586,0.0013733,-0.013581
-0.046845,-0.094148,-0.055695,-0.1146,-0.017243,0.027314,0.002594,0.024262
0.060273,-0.029755,-0.041047,-0.11185,0.01297,0.00076295,-0.0096132,0.0074769
0.054475,0.016632,-0.058442,-0.12985,0.03769,-0.023041,-0.002594,0.032807
-0.0383,-0.01236,-0.066377,-0.14511,0.02945,-0.02182,0.012055,0.065156
-0.051423,-0.035554,-0.062409,-0.12802,0.023041,-0.0019837,-0.00045777,0.0038148
-0.049592,-0.030671,-0.061189,-0.13657,0.017548,0.0065614,0.005951,-0.041962
-0.063935,-0.02884,-0.068513,-0.15396,0.011444,0.0013733,0.0032044,-0.030671
-0.056916,-0.022126,-0.063935,-0.14084,0.015412,0.0013733,-0.010224,-0.034333
-0.050507,-0.026093,-0.060883,-0.14206,0.01297,0.0099184,-0.0071717,-0.034638
-0.041352,-0.032197,-0.056916,-0.13352,0.026093,0.025177,-0.00076295,-0.015412
-0.033112,-0.029755,-0.056916,-0.1268,0.018158,0.019989,0.0013733,0.0068666
-0.029145,-0.023957,-0.07248,-0.13901,0.010834,0.0022889,0.033417,0.031281
-0.027619,-0.010224,-0.072786,-0.12741,-0.0041199,0.0083925,0.013275,0.037385
-0.035248,-0.049592,-0.050813,-0.13535,-0.0022889,0.010529,0.012055,0.02182
-0.044709,-0.047456,-0.046845,-0.13138,0.0010681,-0.00015259,0.029145,0.034943
-0.038911,-0.037995,-0.064546,-0.1265,0.0028992,-0.009308,0.02945,0.0206
-0.030365,-0.019379,-0.074311,-0.13138,0.0056458,-0.0071717,0.026703,0.0077821
-0.017548,-0.0099184,-0.069123,-0.14267,-0.01236,0.014496,0.013581,0.017243
-0.020294,-0.0068666,-0.061799,-0.13931,0.00076295,0.0041199,0.0013733,0.031891
-0.030365,-0.0206,-0.05417,-0.13321,0.016938,0.014191,0.017853,0.017243
-0.02945,-0.010224,-0.039216,-0.14542,0.031586,0.021515,0.020905,-0.0071717
-0.041657,-0.0065614,-0.032502,-0.1207,0.017853,0.0086976,0.0032044,-0.002594
-0.06363,-0.056001,-0.057832,-0.121,0.023041,0.0071717,-0.002594,0.0096132
-0.068818,-0.10941,-0.050813,-0.14328,0.036164,0.014496,-0.0080873,-0.0080873
-0.070954,-0.1799,-0.043183,-0.11032,0.025177,0.022431,0.012665,-0.0071717
-0.036774,-0.10025,-0.042878,-0.11307,0.014801,0.0080873,0.017548,0.010529
0.0019837,0.0035096,-0.059052,-0.13718,0.012665,0.013275,0.024872,0.036164
-0.0010681,0.03769,-0.075837,-0.13596,0.012665,0.017853,0.024872,0.073701
-0.002594,0.065461,-0.074311,-0.13138,-0.0013733,-0.0062562,0.016632,0.065156
0.0010681,0.0972,-0.077058,-0.13901,-0.00015259,-0.0016785,0.033112,0.044099
-0.0013733,-0.0022889,-0.059052,-0.15274,-0.0022889,0.032502,0.023651,0.041657
-0.027619,-0.019989,-0.067292,-0.1387,-0.0071717,0.01236,0.022736,0.041047
-0.046845,0.014191,-0.066682,-0.095369,-0.0056458,0.009308,0.017853,0.0065614
-0.044404,0.012665,-0.065766,-0.15213,0.012055,0.012055,0.013886,-0.024872
-0.034333,0.010224,-0.066987,-0.15335,0.011139,-0.011444,0.0050355,-0.025177
-0.02121,-0.00076295,-0.061189,-0.16526,0.0013733,0.0047303,0.0013733,-0.015106
0.02945,-0.069429,-0.030976,-0.12375,-0.0032044,0.014801,-0.002594,-0.013275
0.045014,-0.094148,-0.026398,-0.13046,0.011444,0.0080873,0.0019837,-0.0062562
-0.01297,-0.27604,-0.01297,-0.11673,0.016022,0.01236,0.0032044,0.017853
-0.075837,-0.32273,-0.03006,-0.078584,0.016938,0.024567,0.0056458,0.018158
-0.04654,0.0041199,-0.072175,-0.12711,0.04715,-0.0080873,-0.019684,-0.025483
0.045014,0.076143,-0.074922,-0.12802,0.053864,-0.0032044,-0.010529,-0.052033
-0.0086976,0.031586,-0.076753,-0.11765,0.021515,0.01236,0.013275,-0.018463
-0.065461,0.014191,-0.059052,-0.15305,0.0096132,-0.0090028,0.014801,0.013275
-0.076753,0.02945,-0.046235,-0.12955,-0.0056458,0.00045777,0.027924,0.026703
-0.066987,-0.014496,-0.064851,-0.13199,-0.017243,0.016022,0.024262,0.005951
-0.061189,-0.067597,-0.072175,-0.14603,-0.012055,0.013275,0.02121,-0.0022889
-0.043488,-0.045319,-0.080415,-0.16159,0.00076295,0.011139,0.013275,-0.0083925
-0.10636,-0.08957,-0.05478,-0.12528,-0.018463,0.019074,0.017243,0.015106
-0.092012,-0.13565,-0.055695,-0.11795,-0.024567,0.036774,0.024872,0.020905
-0.069734,-0.089876,-0.05478,-0.11521,0.002594,0.031586,0.0077821,-0.0090028
-0.075532,-0.074311,-0.032807,-0.12161,-0.0047303,0.0044251,0.0047303,-0.014496
-0.040436,-0.037995,-0.056001,-0.12955,0.019379,-0.012665,0.010834,-0.014191
-0.011139,-0.022126,-0.070954,-0.14145,0.016938,0.009308,0.016632,-0.0062562
0.015412,-0.0062562,-0.063935,-0.16403,0.0065614,0.030365,0.015106,-0.0065614
0.063935,-0.0068666,-0.049287,-0.14084,0.0035096,0.018463,0.026093,0.011139
0.081331,-0.0028992,-0.036469,-0.10697,0.016022,0.00015259,0.032807,0.035248
0.028229,0.0056458,-0.060578,-0.1149,0.044404,0.0053407,0.0080873,0.037385
-0.011139,0.0035096,-0.067903,-0.1265,0.045014,0.014496,0.012665,0.040436
-0.055695,-0.018769,-0.06424,-0.14115,0.024262,0.026093,0.016022,0.024262
-0.078889,-0.052338,-0.054475,-0.13535,0.013886,0.005951,0.016022,0.0080873
-0.084993,-0.06424,-0.052949,-0.11521,0.025788,0.00076295,0.0035096,-0.011444
-0.057221,-0.037385,-0.062715,-0.13993,0.002594,0.024262,-0.011139,-0.018158
-0.030365,-0.052033,-0.047761,-0.12894,-0.016938,0.0099184,-0.009308,-0.0032044
-0.015717,-0.086824,-0.050813,-0.13901,-0.025483,-0.0038148,0.014801,0.031586
0.002594,-0.083467,-0.059052,-0.12924,-0.015412,0.012055,0.0080873,0.041047
0.10849,0.026093,-0.082246,-0.14054,-0.0035096,0.026093,0.02182,0.042878
0.10147,0.10239,-0.078889,-0.14878,-0.0086976,0.0068666,0.029145,0.059358
0.061494,0.076143,-0.070649,-0.1561,-0.0090028,-0.005951,0.017548,0.060578
-0.033722,0.0077821,-0.032807,-0.11368,0.01297,-0.012055,0.016632,0.043183
-0.076143,0.013581,-0.063325,-0.10666,0.042878,0.0050355,-0.01236,0.0013733
-0.089876,-0.028229,-0.060578,-0.11978,0.048066,-0.005951,-0.027314,-0.056001
-0.096284,-0.098116,-0.025788,-0.12284,0.041352,0.018463,-0.0074769,-0.037385
-0.12467,-0.21775,-0.028534,-0.094453,0.043793,0.019379,0.0019837,-0.0028992
-0.084993,-0.16983,-0.059052,-0.1384,0.037079,-0.00076295,0.0071717,-0.025177
-0.082856,-0.093538,-0.074311,-0.14847,0.0053407,-0.0032044,0.0096132,-0.00076295
-0.053559,-0.012055,-0.08011,-0.11124,-0.009308,0.014496,0.0086976,0.017853
-0.056916,0.022736,-0.073091,-0.13901,0.00076295,0.024567,0.039216,0.0090028
-0.087434,-0.016632,-0.058747,-0.14359,0.0019837,0.031281,0.050507,-0.0035096
-0.08011,-0.054475,-0.053864,-0.15396,0.0016785,0.024262,0.0028992,-0.035554
0.0056458,-0.032197,-0.057832,-0.15763,-0.009308,0.020905,0.0047303,-0.022431
0.029755,-0.019989,-0.044099,-0.14511,-0.025177,0.037079,0.027314,0.033112
-0.0047303,-0.02182,-0.062409,-0.13993,-0.013275,0.014496,0.021515,0.057832
-0.0065614,0.017243,-0.081941,-0.15335,0.0050355,-0.0068666,-0.0010681,0.0383
0.033417,-0.0062562,-0.086519,-0.13291,0.0038148,0.0010681,0.010834,0.0206
-0.015106,-0.074006,-0.073396,-0.09781,0.017548,0.009308,0.01297,0.023651
-0.062715,-0.1146,-0.056611,-0.12589,0.027008,-0.0080873,-0.0044251,0.016022
-0.078889,-0.011749,-0.034638,-0.12467,0.039826,-0.0090028,0.0090028,0.00045777
-0.053254,0.012055,-0.0083925,-0.13748,0.038911,0.0038148,0.0028992,-0.022126
-0.04715,-0.043488,-0.017853,-0.15152,0.035248,0.0050355,-0.010224,-0.013275
-0.059968,-0.016022,-0.048371,-0.14755,0.023957,0.0041199,0.0065614,0.019074
-0.0383,0.022126,-0.06302,-0.13138,0.009308,0.018769,-0.00045777,-0.00015259
0.0028992,-0.034638,-0.063325,-0.10361,0.0096132,0.011444,0.018769,0.020905
0.057221,-0.056916,-0.056611,-0.11521,0.0056458,0.010529,0.029145,0.039521
0.033722,-0.059968,-0.066072,-0.12039,-0.00015259,0.02121,0.025177,0.063935
0.019379,-0.020294,-0.074006,-0.14755,0.0035096,0.0022889,-0.022736,0.032807
0.010834,-0.0035096,-0.069429,-0.15,0.00076295,0.0086976,0.0013733,0.0077821
-0.031586,-0.023651,-0.062715,-0.13687,-0.02121,0.016022,0.0096132,0.027314
-0.028229,0.0044251,-0.078279,-0.13565,-0.016632,0.002594,0.0035096,0.016022
-0.055695,0.032197,-0.067903,-0.10758,-0.010529,0.0065614,0.023346,0.016022
-0.07126,0.0077821,-0.060578,-0.11337,-0.002594,0.015106,0.033722,0.027619
-0.031281,-0.066072,-0.052949,-0.1445,0.020905,0.0010681,0.025483,-0.0032044
-0.025788,-0.078279,-0.054475,-0.13779,0.024872,-0.0056458,0.0074769,-0.019684
-0.02121,0.0053407,-0.058137,-0.12314,0.024872,0.0086976,-0.0047303,-0.033722
-0.018463,0.005951,-0.054475,-0.15579,0.028229,0.016022,-0.0044251,0.00076295
-0.03769,-0.11948,-0.047761,-0.13901,0.033112,0.028229,0.0013733,0.034333
-0.090791,-0.22049,-0.018463,-0.096895,0.028229,0.036164,0.010529,0.024872
-0.06363,-0.071565,-0.061799,-0.12894,0.027314,-0.0028992,-0.0086976,-0.019684
-0.031281,-0.017548,-0.079194,-0.14481,0.011444,0.013275,0.00045777,-0.019074
-0.012665,-0.0053407,-0.067903,-0.14542,-0.020905,0.018769,0.02884,-0.0047303
-0.0028992,0.0080873,-0.063325,-0.14664,-0.024872,0.018463,0.025483,-0.0022889
-0.025483,-0.024262,-0.064546,-0.12589,-0.0096132,0.0077821,0.0099184,0.033722
-0.033417,-0.018158,-0.070954,-0.11795,0.002594,0.0010681,0.024262,0.017243
-0.017548,0.0022889,-0.076143,-0.12467,0.0053407,-0.0016785,0.029755,0.019684
-0.027619,-0.0086976,-0.055085,-0.12772,-0.0068666,0.017243,0.022736,0.020905
-0.047456,-0.032502,-0.045014,-0.11704,0.0035096,0.025177,0.019684,0.0065614
-0.025483,-0.034943,-0.050202,-0.12131,0.016938,0.010529,0.0041199,0.015412
0.034943,-0.0083925,-0.068208,-0.14694,0.0068666,-0.016022,0.0080873,0.019379
0.023041,-0.020905,-0.070344,-0.14267,0.01297,-0.011444,0.0071717,0.03769
-0.015412,-0.070649,-0.057221,-0.13901,0.0050355,0.010529,0.0038148,0.034943
-0.056916,-0.070344,-0.043793,-0.11368,0.0074769,0.010529,0.0065614,0.0047303
-0.035554,-0.067903,-0.040436,-0.11307,0.026703,0.012665,-0.0041199,0.013275
-0.017243,-0.048676,-0.040742,-0.11948,0.040131,0.0053407,-0.0074769,0.0080873
-0.0022889,-0.027619,-0.048981,-0.15183,0.033417,0.00015259,-0.00045777,0.017243
-0.015717,-0.030671,-0.07248,-0.16098,0.026703,0.0090028,-0.010224,0.016938
-0.053559,-0.042878,-0.073396,-0.15305,0.014801,0.021515,0.0041199,0.0071717
-0.043183,-0.033417,-0.074006,-0.15183,0.012665,0.0038148,0.01297,-0.00015259
-0.041962,-0.042878,-0.057832,-0.12436,0.0099184,0.026703,0.017548,0.011139
-0.039826,-0.060578,-0.031586,-0.11978,0.002594,0.019074,0.0047303,0.0016785
-0.055085,-0.054475,-0.034028,-0.13321,0.012665,0.00045777,-0.0019837,-0.00076295
-0.066987,-0.0383,-0.044099,-0.11582,0.009308,0.0010681,-0.0083925,0.0047303
-0.057221,-0.05417,-0.049897,-0.12741,-0.026398,0.0044251,0.00076295,0.0090028
-0.048371,-0.10086,-0.035859,-0.13535,-0.023651,0.01297,0.025177,0.011139
-0.048676,-0.044709,-0.076143,-0.14939,-0.010224,0.0206,0.033112,0.010834
-0.055695,0.0044251,-0.092012,-0.13596,-0.0090028,0.026703,0.019074,0.02884
-0.07187,0.0086976,-0.085298,-0.12039,0.0074769,0.015106,0.0065614,0.023651
-0.033112,0.0206,-0.065766,-0.11704,0.034028,-0.0099184,0.017853,-0.015106
-0.017548,0.049592,-0.064851,-0.15091,0.027619,0.0068666,0.0038148,-0.039521
-0.013581,0.059663,-0.068513,-0.12863,0.016632,0.0071717,0.015412,-0.017548
-0.028534,-0.009308,-0.045624,-0.10758,0.015717,0.0047303,0.023957,-0.0083925
-0.026703,-0.053864,-0.046845,-0.15183,0.031586,0.0041199,-0.0053407,-0.0096132
0.046235,-0.046845,-0.060273,-0.16129,0.028229,0.023957,0.0053407,0.010529
0.024262,-0.081636,-0.043793,-0.12985,-0.011444,0.02884,0.0383,0.037079
-0.11368,-0.11185,-0.041962,-0.095369,-0.016938,0.0022889,0.039216,0.045319
-0.12314,-0.14481,-0.034638,-0.086519,0.0013733,0.0044251,0.0077821,0.002594
-0.041047,-0.073701,-0.055695,-0.11948,0.019684,-0.009308,-0.016632,-0.048371
-0.022126,-0.032502,-0.070039,-0.13687,0.0050355,0.002594,0.0013733,-0.019074
0.057221,-0.024567,-0.062409,-0.14969,-0.0068666,0.005951,0.0080873,0.027314
0.061189,-0.019684,-0.046845,-0.13993,-0.0083925,0.016327,0.01297,0.04715
0.018158,-0.012665,-0.048371,-0.10971,-0.019379,0.0010681,0.018158,0.065156
-0.014801,-0.0080873,-0.062715,-0.13352,-0.0047303,-0.009308,0.0013733,0.037079
-0.041657,0.00045777,-0.070954,-0.14908,0.00045777,-0.0047303,0.0032044,0.0013733
-0.035554,0.0083925,-0.076143,-0.12955,0.0016785,0.0028992,-0.010529,-0.016327
-0.032502,-0.048066,-0.058747,-0.1387,0.0047303,0.00076295,0.0028992,-0.012055
-0.067903,-0.074006,-0.056916,-0.15396,0.021515,-0.0041199,0.020905,0.026093
-0.083772,-0.090791,-0.044709,-0.15122,0.040131,-0.0038148,-0.0044251,-0.030671
-0.055085,-0.058137,-0.040436,-0.12528,0.040131,0.017243,-0.010224,-0.039826
-0.045319,-0.028229,-0.056306,-0.12497,0.029755,0.024567,-0.013581,-0.0041199
-0.029145,-0.005951,-0.064851,-0.13535,0.0099184,0.023346,0.012665,0.027619
-0.033112,0.0053407,-0.06424,-0.12985,0.0065614,0.020905,0.0096132,0.041352
-0.025788,-0.027619,-0.058137,-0.14328,0.0065614,0.037385,0.025483,0.051423
-0.025788,-0.046235,-0.066377,-0.15732,0.0074769,0.024262,0.030976,0.060578
-0.009308,-0.016022,-0.077974,-0.15671,0.0071717,-0.00015259,0.023651,0.043488
-0.0074769,-0.012055,-0.062409,-0.1149,-0.0050355,-0.0038148,0.011444,0.03769
-0.039826,-0.032197,-0.039216,-0.074617,-0.018463,0.0077821,0.012055,0.024262
-0.049897,-0.042878,-0.046235,-0.11124,0.0050355,-0.009308,-0.0028992,0.0080873
-0.0068666,-0.036469,-0.068513,-0.15518,0.016938,-0.016938,-0.018769,0.025177
-0.019684,-0.097505,-0.048371,-0.14664,-0.00076295,0.014191,0.0010681,0.045319
-0.010529,-0.11978,-0.050202,-0.12894,-0.0032044,0.015412,0.0013733,0.0035096
0.00076295,-0.058442,-0.078889,-0.14115,0.024262,0.00015259,0.0019837,-0.0053407
0.09659,0.079194,-0.10208,-0.17563,0.012665,-0.0099184,0.02884,0.018158
0.085298,0.15366,-0.078279,-0.15305,0.002594,0.015412,0.033722,0.029755
0.0053407,0.11215,-0.061189,-0.13107,0.016632,0.023957,0.020294,0.049897
-0.079805,0.034333,-0.042878,-0.091707,0.039521,0.018769,-0.0056458,-0.0053407
-0.066682,0.033722,-0.046235,-0.12558,0.049897,-0.00076295,-0.00015259,-0.048981
-0.0795,-0.22568,-0.014496,-0.12497,0.030365,-0.00076295,0.0065614,-0.041047
-0.14481,-0.33341,-0.022126,-0.12345,0.0041199,0.024567,0.013275,-0.023651
-0.096284,-0.13046,-0.057832,-0.11704,0.010834,0.011139,-0.0047303,-0.035248
-0.042878,0.0022889,-0.084382,-0.12955,0.0047303,0.0028992,0.016632,0.017853
-0.02121,0.0083925,-0.070344,-0.14176,-0.017243,0.0099184,0.016938,0.043183
-0.038605,-0.033417,-0.038911,-0.12467,-0.02945,0.023957,0.02884,0.02121
0.0099184,-0.041657,-0.056611,-0.10849,-0.0022889,0.0086976,0.016938,0.021515
0.0099184,-0.0053407,-0.072786,-0.13657,0.0099184,0.010224,0.020905,0.014801
0.010529,0.031586,-0.070954,-0.15122,0.011749,0.014191,0.0056458,0.034333
0.0096132,-0.012665,-0.064851,-0.13657,-0.0062562,0.018463,0.0086976,0.052949
-0.0080873,-0.034638,-0.065156,-0.12863,-0.0028992,0.0071717,-0.0044251,0.036164
-0.02884,-0.041352,-0.059358,-0.13962,0.0099184,0.0065614,-0.0013733,-0.024872
-0.077363,-0.056001,-0.059968,-0.11795,0.013886,0.0080873,0.013886,-0.055695
-0.08011,-0.053559,-0.048676,-0.13443,0.018769,0.0077821,0.0041199,-0.028534
-0.048371,-0.036164,-0.05478,-0.1619,0.027314,-0.005951,-0.0013733,-0.02945
-0.041352,-0.015717,-0.060883,-0.14878,0.027314,-0.0096132,-0.016938,-0.037079
-0.060883,-0.021515,-0.058442,-0.13169,0.0077821,0.016938,-0.014191,-0.0062562
-0.0019837,-0.034333,-0.066072,-0.12589,0.0086976,0.01236,-0.00076295,-0.010224
0.0016785,-0.020905,-0.06302,-0.099336,0.00076295,0.0083925,0.0050355,-0.0074769
-0.026703,-0.049897,-0.058137,-0.12345,-0.00076295,0.0047303,0.0086976,0.02121
-0.013581,-0.087739,-0.052644,-0.12161,0.015412,0.0053407,-0.00015259,-0.0019837
-0.029145,-0.074922,-0.052033,-0.13077,0.017243,0.015106,0.02121,0.0013733
-0.082246,-0.049592,-0.055085,-0.13474,-0.0065614,-0.0013733,0.0099184,0.028229
-0.076753,-0.044099,-0.05478,-0.14084,-0.012055,0.0047303,0.021515,0.027008
-0.0206,-0.047761,-0.048371,-0.14267,-0.0083925,0.01236,0.029755,-0.0080873
-0.00015259,-0.052033,-0.055085,-0.13077,-0.002594,0.014191,0.02182,0.018769
-0.023346,-0.023346,-0.070954,-0.14511,0.0099184,-0.0041199,0.037385,0.05539
-0.018463,0.002594,-0.066987,-0.13993,0.019074,0.0062562,0.018158,0.049287
-0.055695,0.056306,-0.08011,-0.13657,0.0035096,0.028229,0.013275,0.026703
-0.056001,0.083467,-0.09659,-0.16251,0.013886,0.011139,0.023346,0.014801
-0.034943,0.027314,-0.056916,-0.13931,0.023651,-0.013581,0.012055,-0.020294
0.017243,-0.0065614,-0.031891,-0.11368,0.013275,0.0071717,-0.00015259,-0.019379
0.087434,0.016327,-0.044099,-0.1265,0.022126,0.023957,0.002594,-0.0028992
0.11978,-0.030976,-0.040436,-0.13565,0.019379,-0.0010681,0.0050355,0.0090028
0.020905,-0.18051,-0.024262,-0.1268,-0.002594,0.018769,-0.002594,0.039826
-0.10544,-0.27207,-0.056611,-0.12161,-0.0056458,0.017243,0.015106,0.045624
-0.1384,-0.14755,-0.074922,-0.13748,0.0068666,0.013886,-0.00045777,0.011444
-0.079805,-0.0035096,-0.081941,-0.12924,0.00076295,0.0090028,-0.014801,-0.014496
-0.035554,0.048371,-0.094759,-0.12345,-0.0074769,0.0083925,0.00076295,-0.0071717
-0.11032,-0.015412,-0.073091,-0.14359,-0.0071717,0.012665,0.0010681,-0.0041199
-0.12467,-0.05478,-0.03006,-0.1268,-0.012055,0.0053407,0.01297,-0.0028992
-0.051728,-0.027619,-0.031891,-0.13382,-0.0068666,0.025483,0.017243,-0.009308
-0.018158,0.019074,-0.035859,-0.12802,0.0077821,0.021515,0.013886,-0.028534
-0.016327,-0.016327,-0.013581,-0.12161,0.0038148,0.012665,0.012055,-0.0068666
-0.041657,-0.093538,-0.0383,-0.12253,0.023346,-0.0047303,-0.0013733,-0.0022889
-0.075837,-0.17899,-0.040742,-0.14206,0.044404,-0.0080873,-0.0010681,-0.0019837
-0.036469,-0.092317,-0.070039,-0.13352,0.045319,0.0099184,0.0074769,-0.0071717
-0.0068666,-0.015717,-0.081025,-0.14481,0.033417,0.012055,0.023651,0.013275
0.0056458,-0.00076295,-0.083162,-0.13321,0.021515,0.01297,0.0080873,0.051728
0.02182,0.011749,-0.068208,-0.13748,0.019989,0.0050355,0.013581,0.060273
0.035859,0.026703,-0.055085,-0.11673,0.0019837,0.0071717,0.018769,0.066682
0.043488,0.016327,-0.070954,-0.13901,0.00076295,0.016022,0.02945,0.064546
0.0383,0.060578,-0.086519,-0.14267,0.018158,0.022431,0.014801,0.047456
-0.029145,-0.0038148,-0.069429,-0.12161,0.0016785,0.014801,0.019074,0.029755
-0.06302,-0.032197,-0.06302,-0.11643,0.0096132,0.011444,0.034943,0.017853
-0.034943,-0.049592,-0.063935,-0.12894,0.013581,0.0080873,0.0074769,-0.0047303
-0.0096132,-0.012665,-0.062715,-0.12772,-0.0013733,0.010834,0.0056458,-0.01236
-0.010224,-0.009308,-0.056001,-0.13107,-0.025788,0.015412,0.025483,0.011749
-0.010529,-0.0053407,-0.062715,-0.13779,-0.015106,0.014191,0.012055,0.023346
-0.009308,-0.00076295,-0.060883,-0.16129,-0.010224,-0.02182,0.0056458,-0.0035096
-0.070039,-0.075837,-0.050507,-0.12802,-0.015106,-0.0047303,0.016632,-0.0065614
-0.083162,-0.10788,-0.034638,-0.12955,0.014191,0.00015259,0.0086976,-0.019684
-0.044404,-0.074922,-0.043183,-0.13535,0.025177,-0.0099184,-0.0050355,-0.032502
-0.010834,-0.088655,-0.044099,-0.11276,0.025788,0.014191,0.0074769,0.011749
-0.013581,-0.13382,-0.048371,-0.1146,0.049592,-0.0090028,0.002594,0.0065614
-0.019379,-0.055695,-0.065156,-0.15946,0.035248,-0.009308,-0.0086976,0.0053407
-0.030671,0.013886,-0.068513,-0.12741,0.0041199,0.014801,0.009308,0.0068666
-0.061799,-0.0062562,-0.059968,-0.12528,-0.0053407,0.024262,0.020905,0.010834
-0.069734,0.0041199,-0.061189,-0.11704,0.005951,0.016938,0.011444,-0.011139
-0.045624,0.04593,-0.038605,-0.12955,0.0071717,0.026703,-0.0044251,-0.0083925
-0.047761,0.019379,-0.066987,-0.15061,-0.0032044,0.00015259,0.0090028,0.00076295
-0.051423,0.024567,-0.073091,-0.1619,-0.01297,0.0022889,0.018769,0.0032044
-0.037385,-0.048066,-0.056916,-0.14939,-0.020905,0.017853,0.023651,0.00045777
-0.0041199,-0.088045,-0.055695,-0.12894,-0.018463,0.0053407,0.030365,0.013581
0.026093,-0.094148,-0.044099,-0.12161,0.0016785,0.026398,0.03769,0.012665
-0.042878,-0.0795,-0.039826,-0.12192,0.017853,0.025483,-0.0062562,0.02182
-0.083162,-0.12802,-0.067292,-0.12772,0.025483,-0.0013733,0.0041199,0.018769
-0.087129,-0.11398,-0.065766,-0.13535,0.023041,0.0062562,0.017853,0.017853
-0.083772,0.034333,-0.058442,-0.12345,0.02182,0.0028992,0.020294,0.0074769
-0.053864,0.03006,-0.056001,-0.14725,0.0206,-0.0022889,0.013581,-0.011444
0.048371,-0.01236,-0.056916,-0.13169,0.022126,0.009308,0.0056458,0.002594
0.039826,0.00045777,-0.060883,-0.13291,0.017853,0.0099184,0.01297,0.041047
-0.039216,-0.028534,-0.077058,-0.12741,0.02182,0.0077821,0.0099184,0.041962
0.009308,-0.028229,-0.084077,-0.13321,0.035859,-0.0041199,-0.00076295,-0.00076295
0.032807,-0.030671,-0.075837,-0.15549,0.018769,-0.0080873,0.0074769,0.0032044
0.015106,-0.022431,-0.061799,-0.13657,0.002594,0.014191,0.017548,0.049897
0.0047303,-0.040131,-0.062104,-0.14847,-0.0096132,0.026398,0.0032044,0.036774
-0.010224,-0.058747,-0.028229,-0.11673,-0.022431,0.026703,0.012665,0.035554
-0.014191,-0.052338,0.0038148,-0.10178,0.0090028,0.028229,0.0086976,0.03006
-0.0080873,-0.057527,-0.034028,-0.092622,0.012665,0.0032044,-0.0028992,-0.0083925
-0.055695,-0.0383,-0.088655,-0.12741,0.0028992,-0.0038148,0.011139,0.0099184
-0.057527,-0.033722,-0.073396,-0.14481,0.005951,-0.0016785,-0.00015259,0.0035096
-0.032807,-0.034638,-0.072786,-0.16373,0.0050355,0.0077821,0.018769,-0.0035096
-0.048981,0.0056458,-0.074922,-0.15213,0.015106,0.0083925,0.021515,-0.0074769
-0.058747,0.066072,-0.08011,-0.16129,0.016632,0.018158,0.010834,-0.0056458
-0.023346,0.033112,-0.050813,-0.12039,0.025788,0.025483,0.023346,-0.030365
-0.0041199,0.011749,-0.048981,-0.09781,0.011749,0.010224,0.018158,-0.0028992
-0.075227,-0.016632,-0.056001,-0.11704,0.032807,-0.0047303,0.017548,-0.0013733
-0.14694,-0.094148,-0.016938,-0.13535,0.044404,0.0071717,0.0041199,-0.010834
-0.13169,-0.14572,-0.011444,-0.12375,0.0383,-0.0090028,-0.0044251,-0.015717
-0.12406,-0.29282,0.0022889,-0.099031,0.0206,0.014496,0.02182,-0.015412
-0.087434,-0.20249,-0.036774,-0.12985,0.019379,0.0077821,0.0013733,-0.018463
-0.018463,0.0038148,-0.073091,-0.1326,0.015106,0.016938,0.0028992,-0.0041199
0.016022,0.034333,-0.082246,-0.14115,-0.01236,0.032807,0.031891,0.039521
0.049287,0.014191,-0.066377,-0.14267,-0.014496,0.0013733,0.034028,0.045014
0.10758,-0.01297,-0.059052,-0.12894,-0.0071717,0.002594,0.020905,0.056306
0.10391,-0.040131,-0.070039,-0.14084,-0.011139,0.015106,0.0050355,0.056306
-0.017243,-0.024262,-0.066377,-0.13291,-0.020294,0.0206,0.02182,0.087739
-0.057221,-0.0099184,-0.059052,-0.13718,-0.0074769,0.013275,0.02945,0.03006
-0.035554,0.0062562,-0.069429,-0.14389,0.009308,-0.013275,0.012665,-0.014191
-0.048981,0.0010681,-0.067292,-0.13443,0.0016785,0.0080873,0.0096132,-0.0013733
-0.027008,0.0016785,-0.067292,-0.12589,0.009308,0.010224,0.0096132,-0.0074769
-0.017243,-0.020294,-0.064546,-0.121,0.027314,0.016022,0.013581,-0.0062562
-0.0065614,-0.070649,-0.064546,-0.13535,0.02182,0.049287,0.0096132,0.0053407
-0.01236,-0.08835,-0.070344,-0.12711,0.024872,0.0071717,0.0050355,-0.0047303
-0.020294,-0.044099,-0.057832,-0.12375,0.014191,0.0053407,-0.012055,0.010529
-0.0062562,-0.019684,-0.061189,-0.14054,0.0090028,0.0038148,-0.01236,0.015412
0.015412,-0.0074769,-0.04654,-0.12985,0.012665,0.0062562,0.0086976,0.002594
0.010529,-0.014801,-0.051728,-0.12589,0.012665,0.018769,0.0032044,0.013886
-0.028229,-0.010834,-0.044709,-0.11643,0.00076295,0.0065614,0.0010681,0.027008
-0.048981,-0.020294,-0.058442,-0.14145,-0.0080873,0.029145,0.0047303,0.029755
-0.035554,-0.050813,-0.057832,-0.14084,-0.0083925,0.017853,-0.0010681,0.043793
-0.049287,-0.11582,-0.052949,-0.15305,0.002594,-0.014801,-0.002594,0.021515
-0.12589,-0.16495,-0.043793,-0.12558,-0.00076295,-0.0050355,0.035859,0.032807
-0.075532,-0.047761,-0.034638,-0.12863,0.0038148,0.019989,0.031891,0.0038148
-0.011444,0.057527,-0.066987,-0.15763,0.005951,0.0047303,0.013581,-0.016938
0.043488,0.089265,-0.086213,-0.15702,0.0019837,0.0053407,0.015717,0.0032044
0.013275,0.034333,-0.07126,-0.11032,0.0053407,0.017853,0.0077821,0.011139
-0.044404,-0.021515,-0.037995,-0.087434,0.019074,-0.0068666,0.014191,-0.0044251
-0.022736,-0.066987,-0.056306,-0.12528,0.051423,-0.015412,-0.0062562,-0.046845
-0.044404,-0.036164,-0.057832,-0.121,0.049287,0.0065614,0.017243,-0.027619
-0.11002,-0.036469,-0.067292,-0.1445,0.031891,0.0099184,0.0080873,-0.027008
-0.12222,-0.042878,-0.06302,-0.15061,0.030976,0.013886,-0.012665,-0.050813
-0.085298,-0.043793,-0.049897,-0.11124,0.00045777,0.01297,-0.0047303,-0.040742
-0.06302,-0.037995,-0.063325,-0.13687,0.0038148,0.035554,0.0038148,-0.026703
-0.045624,-0.047761,-0.060273,-0.13291,-0.0022889,0.044404,0.019684,-0.0096132
-0.018463,-0.045624,-0.064546,-0.14511,-0.0096132,0.030671,0.039521,0.0041199
-0.014496,-0.041657,-0.058137,-0.12924,-0.015106,0.025177,0.015106,0.047456
-0.0053407,-0.036469,-0.056001,-0.12528,-0.013581,0.0071717,0.0074769,0.05417
0.002594,-0.026703,-0.06302,-0.11246,-0.014191,0.011139,0.013886,0.061799
-0.0053407,-0.030671,-0.069429,-0.12039,-0.00076295,0.009308,0.043488,0.050507
0.0035096,-0.026093,-0.049897,-0.14481,0.0086976,-0.010224,0.031281,0.032807
-0.0096132,-0.045319,-0.057832,-0.16403,0.013275,-0.0090028,0.025788,0.02121
-0.022126,-0.069429,-0.070344,-0.13687,0.0090028,0.0053407,-0.020905,0.017243
-0.039521,-0.097505,-0.052338,-0.13199,0.013581,-0.011139,-0.019684,0.017548
-0.030365,-0.1265,-0.04654,-0.12924,0.019074,-0.0016785,-0.015412,0.0050355
-0.029755,-0.14847,-0.04654,-0.10575,0.01297,0.021515,-0.0028992,-0.012665
-0.035554,-0.056001,-0.048676,-0.13077,0.03769,0.010224,0.00076295,0.0068666
-0.036469,0.065461,-0.052949,-0.14755,0.033722,0.00015259,0.015717,-0.0010681
-0.06363,0.051728,-0.056306,-0.1384,0.019684,0.0041199,0.012665,-0.0035096
-0.070649,0.056611,-0.068208,-0.11704,0.0056458,0.011444,-0.0035096,0.014801
-0.065156,0.097505,-0.091096,-0.13107,0.011444,0.017243,0.0053407,0.010529
-0.025177,0.009308,-0.084993,-0.15763,0.015412,0.0077821,0.014801,0.012665
0.009308,-0.027924,-0.06424,-0.14206,-0.0013733,0.036774,0.037079,0.035248
0.026703,-0.026398,-0.032197,-0.12375,-0.018769,0.027924,0.024262,0.043488
0.01297,-0.028229,-0.020905,-0.096895,-0.0090028,0.015412,0.027619,0.04593
0.0038148,-0.036469,-0.043183,-0.13931,0.00076295,0.0050355,0.027008,0.035859
-0.0050355,-0.01297,-0.063325,-0.11521,0.0032044,0.0013733,0.025483,0.044404
-0.025177,-0.018158,-0.043183,-0.13138,0.0080873,0.013886,0.0056458,0.042878
-0.0080873,-0.035859,-0.039216,-0.13748,0.011749,0.018769,0.005951,0.029145
-0.033417,-0.032502,-0.074311,-0.1387,0.013886,0.00076295,-0.0065614,0.00076295
-0.036469,-0.019684,-0.08957,-0.13718,0.016632,0.017853,0.016938,0.0080873
-0.01236,-0.0383,-0.061799,-0.1091,0.0068666,0.005951,0.02182,0.0047303
-0.024567,-0.077974,-0.059052,-0.13901,0.0074769,-0.010834,-0.0019837,-0.0019837
0.0016785,-0.030365,-0.093233,-0.15854,0.031891,0.012055,-0.013581,-0.0053407
-0.013275,-0.034028,-0.063325,-0.14755,0.023651,-0.011749,0.011444,0.0096132
-0.036469,-0.087434,-0.044404,-0.1384,0.019074,-0.00076295,0.019684,0.012665
-0.059358,-0.18357,-0.020905,-0.14603,0.019684,0.0050355,0.026093,-0.016632
-0.059663,-0.18601,-0.030671,-0.13962,0.0056458,-0.0013733,0.026093,-0.022736
-0.036774,0.022126,-0.059968,-0.15061,-0.0056458,0.00076295,0.0053407,-0.019074
-0.038911,0.011749,-0.029145,-0.12863,-0.025788,0.026703,0.0065614,-0.0013733
-0.081331,-0.039826,-0.04654,-0.10239,-0.023651,0.022126,0.013581,0.012055
-0.10361,-0.017548,-0.074311,-0.12924,-0.012055,0.002594,0.0068666,-0.0068666
-0.069734,-0.0795,-0.059968,-0.13504,0.0050355,0.00076295,-0.0062562,-0.041962
0.033112,-0.14878,-0.050507,-0.12894,0.0065614,-0.012055,-0.0035096,-0.045319
0.03769,-0.095369,-0.057221,-0.13382,0.0077821,0.0206,-0.0047303,0.012665
-0.055695,-0.04654,-0.06424,-0.13901,0.015717,-0.0028992,0.012665,0.04593
-0.045624,0.0083925,-0.061189,-0.1207,0.023651,-0.018769,0.0080873,0.041657
-0.0050355,0.022126,-0.066072,-0.11398,0.029755,0.013886,0.0019837,0.0038148
0.039521,0.028229,-0.070344,-0.13748,0.041047,0.022736,-0.00015259,0.0077821
0.013886,-0.02182,-0.064851,-0.15549,0.023041,0.0090028,0.022126,0.06363
-0.018463,-0.027619,-0.065156,-0.15488,0.0086976,-0.0016785,-0.00015259,0.042267
-0.030671,-0.020294,-0.059052,-0.13901,0.0099184,0.0019837,-0.018158,0.0080873
-0.045624,-0.036164,-0.056001,-0.12497,0.0065614,0.011139,-0.0019837,0.0096132
-0.056916,-0.027924,-0.058442,-0.10758,0.011139,0.017243,0.0010681,-0.0071717
-0.056611,-0.028229,-0.066072,-0.1445,0.0071717,0.0077821,-0.0028992,-0.0013733
-0.061494,-0.010834,-0.065766,-0.14481,0.002594,0.020905,0.022736,0.013275
-0.045014,-0.018158,-0.055695,-0.12284,0.0077821,0.022736,0.01297,0.011139
-0.023346,-0.0065614,-0.070954,-0.14054,-0.0096132,0.015106,0.0068666,0.002594
-0.047456,-0.038911,-0.054475,-0.089876,-0.015106,0.026703,0.02884,0.043793
-0.073091,-0.081331,-0.041657,-0.081636,-0.013275,0.037385,0.031891,0.039826
-0.022431,-0.02945,-0.062715,-0.1265,0.0086976,0.013275,0.012055,-0.0074769
-0.038911,-0.01236,-0.053254,-0.12955,0.0068666,0.00076295,0.0041199,0.0013733
-0.059052,-0.019684,-0.049287,-0.14054,0.0050355,-0.0022889,-0.00076295,0.013886
-0.073701,-0.0383,-0.060883,-0.16709,0.028229,0.014801,0.0056458,0.0050355
0.048066,-0.048066,-0.060578,-0.13962,0.023651,-0.00076295,0.035248,0.0053407
0.060578,-0.049897,-0.04593,-0.12253,0.0019837,0.0068666,0.025483,0.017548
0.054475,-0.022126,-0.049897,-0.11978,0.021515,-0.0016785,-0.0010681,0.019074
0.010834,-0.01236,-0.056916,-0.14786,0.031586,0.012055,-0.0083925,0.015717
-0.038605,-0.022126,-0.062409,-0.14481,0.016632,0.024872,0.014191,0.025483
-0.064851,-0.018769,-0.066987,-0.13657,0.0096132,0.0206,0.016938,0.0053407
-0.058137,-0.033417,-0.060273,-0.12314,-0.0047303,0.0047303,0.023346,-0.012055
-0.034638,-0.048676,-0.056611,-0.11673,0.0019837,-0.015106,0.0086976,-0.029145
-0.048371,-0.050813,-0.062104,-0.14603,0.0032044,-0.0032044,0.009308,-0.016632
-0.049592,-0.056001,-0.062715,-0.14328,-0.0028992,0.0065614,0.026703,0.0053407
-0.056611,-0.052644,-0.059968,-0.14115,0.0041199,0.0062562,0.0096132,0.0206
-0.035859,-0.026398,-0.062409,-0.14969,-0.0080873,0.028534,-0.017243,0.030365
-0.033722,-0.061799,-0.046235,-0.12039,-0.016632,0.012055,-0.0044251,0.020905
0.026093,-0.048371,-0.065766,-0.13565,0.0096132,0.01297,-0.00045777,0.0096132
0.019074,-0.028229,-0.059968,-0.15183,0.0056458,-0.012055,0.024262,0.025177
-0.069429,-0.041962,-0.055085,-0.11276,-0.0096132,0.0053407,0.035248,0.053864
-0.032807,-0.031586,-0.062715,-0.11673,0.025177,0.0022889,0.0065614,-0.022126
0.019074,-0.081636,-0.052644,-0.15183,0.037995,-0.0028992,0.0080873,-0.027008
-0.011139,-0.12741,-0.050507,-0.14328,0.011749,0.029145,0.023346,0.017853
0.0056458,-0.0086976,-0.044099,-0.12772,0.03006,0.0050355,0.0099184,0.012665
0.0090028,0.055085,-0.049897,-0.12039,0.030976,-0.016022,0.0013733,-0.0053407
-0.015412,0.024567,-0.056916,-0.11276,0.031891,-0.011139,-0.0032044,-0.022126
-0.067597,-0.019684,-0.055695,-0.10178,0.027008,0.0041199,0.00045777,-0.0044251
-0.092927,-0.0080873,-0.052644,-0.13748,0.015412,0.016022,-0.017548,-0.011139
-0.072175,-0.052033,-0.046845,-0.13382,0.0068666,0.00076295,-0.014496,-0.024872
-0.070954,-0.055695,-0.04593,-0.11551,-0.0083925,0.0065614,-0.0041199,-0.0074769
-0.070954,0.0062562,-0.085298,-0.14145,-0.013275,0.01236,-0.002594,-0.012665
-0.049287,0.04593,-0.084077,-0.12528,-0.0090028,0.024567,0.0010681,0.0032044
-0.0028992,0.055085,-0.076143,-0.13291,0.0019837,0.020294,0.0032044,0.014191
0.013275,0.020294,-0.066377,-0.15213,0.0050355,0.0038148,0.0080873,0.010834
-0.031586,-0.055695,-0.041962,-0.10239,-0.0071717,0.012665,0.016632,0.019684
-0.058747,-0.093843,-0.035554,-0.12802,0.0010681,0.0044251,0.029145,0.018158
-0.033417,-0.078889,-0.058747,-0.14908,0.010529,0.0071717,0.019989,0.011139
0.0077821,-0.052033,-0.056611,-0.15305,0.0099184,0.005951,0.017853,0.021515
-0.063325,-0.06424,-0.053254,-0.14176,0.0099184,-0.0053407,0.0096132,0.02884
-0.11063,-0.048676,-0.062409,-0.12802,0.023651,0.018769,0.010529,0.019989
-0.045014,-0.018769,-0.065156,-0.12741,0.032197,0.01236,0.015717,0.0086976
0.0010681,-0.0080873,-0.067292,-0.14969,0.02945,0.0013733,-0.0041199,0.00076295
0.025788,-0.043793,-0.068208,-0.14206,0.015412,0.011444,0.016632,0.0050355
0.011749,-0.075837,-0.06302,-0.12985,0.0077821,0.024262,0.014801,0.015717
-0.027314,-0.14054,-0.052644,-0.11917,0.0010681,0.03006,-0.00045777,0.032197
-0.020294,-0.095979,-0.048066,-0.12467,-0.0041199,0.005951,0.002594,0.026093
-0.093843,-0.050202,-0.062104,-0.14359,-0.0096132,0.0090028,0.017853,0.027314
-0.079194,-0.027619,-0.06302,-0.13596,-0.0062562,0.017243,0.017243,0.013886
-0.043793,-0.040436,-0.037995,-0.11276,-0.014191,0.0077821,0.0071717,-0.0053407
-0.028229,-0.044404,-0.035859,-0.12985,0.0056458,0.018158,0.005951,-0.0090028
-0.0019837,-0.069429,-0.059968,-0.15122,0.011749,0.0032044,0.0019837,0.0041199
0.0096132,-0.049897,-0.064546,-0.14786,0.00076295,-0.0010681,-0.002594,0.027008
-0.0041199,-0.096895,-0.057832,-0.14389,-0.0056458,0.0032044,0.019989,0.0206
-0.0071717,-0.05478,-0.048676,-0.14298,0.0099184,0.0065614,0.002594,-0.0028992
0.0074769,0.026093,-0.058442,-0.14359,0.011444,-0.0041199,0.0035096,-0.0056458
-0.00015259,0.034333,-0.060273,-0.14359,0.0090028,0.0062562,0.019684,0.022736
-0.034943,-0.0044251,-0.038605,-0.095064,0.011749,0.002594,0.0065614,0.022736
-0.038605,0.06424,-0.0795,-0.096895,0.033722,0.0086976,-0.0032044,-0.010224
-0.020294,-0.034638,-0.060883,-0.11337,0.052338,-0.015717,-0.014801,-0.015412
-0.041047,-0.0206,-0.074617,-0.13291,0.024262,0.00015259,0.0071717,-0.002594
-0.031891,-0.014801,-0.092317,-0.15549,0.0016785,0.010834,0.0010681,-0.0047303
-0.0035096,-0.04654,-0.067903,-0.15457,-0.014496,0.024872,0.013581,0.027008
0.046235,-0.019989,-0.041962,-0.14206,-0.019074,0.030365,0.052033,0.051423
0.025483,-0.00045777,-0.057832,-0.11917,-0.016938,0.031586,0.040131,0.071565
-0.010529,-0.020905,-0.056611,-0.10391,0.00076295,0.002594,0.031891,0.072175
-0.021515,-0.042878,-0.048371,-0.11307,0.0016785,0.0028992,0.023651,0.02121
-0.0062562,-0.032197,-0.061799,-0.14267,0.014191,-0.0056458,0.012055,-0.0053407
-0.016327,-0.0383,-0.060883,-0.16068,0.014191,0.024872,0.0038148,-0.0010681
-0.04654,-0.039521,-0.066682,-0.16861,-0.0086976,0.025483,0.0068666,-0.002594
-0.10941,-0.087434,-0.056916,-0.14115,0.0071717,0.016022,0.017853,-0.0035096
-0.067903,-0.096895,-0.043793,-0.14328,0.013581,0.0028992,-0.0041199,-0.017548
-0.045624,-0.06424,-0.052033,-0.15732,0.022126,0.011139,-0.014496,-0.023041
-0.027314,-0.057832,-0.048981,-0.13901,0.030976,0.0013733,0.010834,-0.0080873
0.019989,-0.025483,-0.055695,-0.14725,0.035554,0.0032044,0.030365,0.00076295
0.022736,0.092012,-0.064546,-0.12985,0.015717,0.016938,0.03006,0.02945
-0.00076295,0.10147,-0.078279,-0.13352,0.010529,0.0010681,0.0010681,0.035248
-0.030976,0.052644,-0.08011,-0.14847,0.014191,-0.00015259,-0.018158,-0.0056458
-0.04654,0.044099,-0.069429,-0.15366,-0.0044251,-0.013275,0.00076295,-0.0080873
-0.053864,0.010529,-0.061189,-0.12985,-0.0090028,0.002594,0.0086976,0.0099184
-0.073701,-0.065766,-0.042267,-0.10666,-0.019684,0.018769,0.024262,0.012665
-0.10941,-0.2385,-0.018463,-0.11521,-0.0032044,0.015106,0.0074769,-0.0047303
-0.11185,-0.3624,-0.029755,-0.11673,-0.0050355,0.0062562,0.0099184,-0.025483
-0.13474,-0.16739,-0.069123,-0.15061,0.0013733,0.01236,0.018769,-0.024262
-0.097505,-0.074922,-0.059358,-0.11154,0.00045777,0.034028,0.019379,-0.0041199
-0.022126,-0.023957,-0.051118,-0.13687,-0.00076295,0.034638,0.005951,-0.012665
-0.011444,0.002594,-0.060883,-0.13596,0.016022,0.0065614,0.0047303,-0.0022889
-0.020905,-0.030976,-0.064546,-0.13535,0.019074,0.010529,0.032807,0.0206
0.0080873,-0.070954,-0.063325,-0.14664,0.011749,0.019989,0.020905,0.0086976
0.057832,-0.039826,-0.058442,-0.11582,0.019379,0.0062562,-0.0047303,0.0047303
0.14328,0.074006,-0.060273,-0.10086,0.018769,0.005951,0.016632,0.038911
0.090486,0.074006,-0.064851,-0.10666,0.047761,-0.012665,0.015106,0.039216
-0.02884,0.045624,-0.089265,-0.15122,0.044099,0.002594,0.019684,0.016022
-0.043488,0.018463,-0.051728,-0.12741,0.031586,-0.0028992,0.01297,0.013581
-0.044404,-0.015717,-0.048066,-0.11582,0.012665,0.018158,-0.002594,0.011749
-0.043183,-0.037995,-0.052644,-0.12802,0.012055,0.025483,0.015717,0.0047303
-0.040436,-0.038911,-0.058747,-0.121,-0.0013733,0.02884,0.0071717,-0.0019837
-0.066987,-0.014801,-0.070649,-0.1445,-0.0090028,0.0038148,-0.0047303,-0.00045777
-0.076753,-0.018158,-0.07187,-0.14145,-0.013581,-0.025177,0.02121,-0.0035096
-0.061189,-0.035554,-0.062409,-0.14481,-0.025788,0.00076295,0.025483,0.0074769
-0.057527,-0.052644,-0.058747,-0.12284,-0.016327,0.022126,0.010529,0.024872
-0.077058,-0.048371,-0.052644,-0.121,-0.0013733,0.0047303,0.016022,0.027314
-0.066987,-0.036164,-0.034638,-0.12497,0.011749,0.0044251,-0.017548,0.009308
-0.056916,-0.023651,-0.044099,-0.12985,0.0206,0.0010681,0.013581,-0.00076295
-0.00076295,0.0053407,-0.060883,-0.13504,0.028229,0.011444,0.011444,0.0080873
0.092622,0.011444,-0.056001,-0.14969,0.02945,0.01236,0.0068666,0.014191
0.078584,-0.028229,-0.059052,-0.13535,0.011139,0.0206,0.015412,0.06424
-0.0065614,-0.049592,-0.055695,-0.1326,0.018158,-0.0028992,0.025177,0.08011
-0.037079,-0.048981,-0.045014,-0.12863,0.026093,0.00076295,-0.0013733,0.025788
-0.051423,-0.046845,-0.050813,-0.14389,0.02945,0.0019837,-0.0022889,-0.023346
-0.073091,-0.057527,-0.051728,-0.11978,0.027008,0.0028992,0.013275,-0.0080873
-0.10544,-0.094453,-0.050202,-0.1445,0.014191,0.011139,0.013581,-0.0062562
-0.074922,-0.10147,-0.061189,-0.14206,0.0050355,0.00076295,0.012665,-0.020905
-0.041657,-0.068513,-0.067292,-0.13321,-0.012055,0.005951,0.025177,-0.0062562
-0.032807,-0.02884,-0.06302,-0.13138,-0.01236,0.0041199,0.027924,0.0077821
0.019379,0.010224,-0.050507,-0.13565,-0.018463,0.011444,0.014191,0.02182
0.027008,-0.0016785,-0.04593,-0.121,-0.01236,0.030671,0.02121,0.023346
0.0080873,-0.022736,-0.058747,-0.12711,-0.002594,0.016022,0.023957,0.014801
-0.00076295,-0.030671,-0.068513,-0.13199,-0.00015259,0.0047303,0.019989,0.0013733
-0.050507,-0.075837,-0.060578,-0.09659,0.0086976,0.014191,0.016632,0.0086976
-0.087129,-0.060578,-0.074922,-0.121,0.012055,0.0068666,0.010834,0.0086976
-0.0383,-0.040131,-0.079194,-0.13962,0.041352,0.009308,-0.0080873,-0.0044251
-0.11612,-0.072786,-0.059052,-0.12284,0.030976,0.0065614,-0.0041199,0.01297
-0.073091,-0.058747,-0.04593,-0.14176,0.02121,0.012665,0.013886,-0.00045777
-0.011444,0.0010681,-0.0383,-0.13474,0.037995,0.01297,0.015106,-0.00015259
-0.0074769,-0.068818,-0.013886,-0.14542,0.0383,-0.0053407,0.023346,0.023957
0.029145,-0.06424,-0.032807,-0.13931,0.027619,-0.022736,-0.0022889,0.031281
0.0068666,-0.044099,-0.08072,-0.13901,0.017243,-0.028229,0.0032044,0.041352
0.011444,-0.005951,-0.090181,-0.16129,-0.00015259,0.011444,0.0056458,0.030976
-0.0032044,-0.016327,-0.067903,-0.13657,-0.017243,0.02884,-0.00015259,0.019684
-0.033417,0.0016785,-0.058747,-0.11734,-0.01236,0.020294,0.0065614,0.022736
-0.072175,-0.0074769,-0.063935,-0.14847,-0.0035096,0.005951,0.0053407,-0.052033
-0.079805,-0.046235,-0.033722,-0.12131,-0.030365,0.0065614,0.019684,-0.061494
-0.030671,-0.023957,-0.029755,-0.11124,-0.037385,0.041047,0.027619,-0.013581
0.0038148,0.002594,-0.050813,-0.12802,-0.0068666,0.01297,0.016632,0.010529
0.0038148,0.021515,-0.051118,-0.12131,0.0080873,-0.0032044,0.031891,0.03769
-0.00076295,0.005951,-0.068818,-0.12589,0.015717,0.019379,0.026703,0.011139
-0.012665,-0.027314,-0.073396,-0.14054,0.023651,0.020294,-0.0086976,-0.012055
0.0041199,-0.0053407,-0.075227,-0.15061,0.02121,0.024567,0.0056458,0.033112
0.0013733,-0.0068666,-0.063325,-0.14359,0.015106,0.016632,0.010529,0.035554
-0.026703,-0.042573,-0.070039,-0.13535,0.020905,0.024872,0.029145,0.02182
-0.063325,-0.12192,-0.063935,-0.13596,0.033722,0.0047303,0.01297,0.019074
-0.076753,-0.17166,-0.065156,-0.14328,0.037995,0.0044251,0.012665,0.0028992
-0.092317,-0.12284,-0.092927,-0.12802,0.025483,0.0099184,0.02182,0.013886
-0.048371,-0.081636,-0.091096,-0.14389,0.017548,0.019989,-0.0080873,0.029145
-0.0047303,-0.0096132,-0.073396,-0.15,-0.0065614,0.015106,0.0080873,0.032197
0.002594,0.0016785,-0.038605,-0.12253,-0.0053407,0.022126,-0.00045777,0.030976
-0.018463,-0.016632,-0.022431,-0.089876,0.0016785,0.013886,-0.015412,0.0035096
-0.050507,-0.038911,-0.032197,-0.13443,0.0096132,-0.0096132,-0.009308,-0.010834
-0.053559,-0.036469,-0.02182,-0.12558,0.0053407,0.013275,-0.0019837,-0.0068666
-0.045319,-0.035554,-0.032502,-0.12314,-0.0086976,0.019989,0.022126,-0.00015259
-0.0206,-0.011444,-0.092927,-0.15274,-0.011444,0.01236,0.016632,0.02182
-0.028534,-0.0028992,-0.079194,-0.11063,0.002594,0.0065614,0.0050355,0.027008
-0.044404,-0.063935,-0.059052,-0.11307,0.0206,0.014801,0.0080873,0.026703
-0.056611,-0.11002,-0.040436,-0.1088,0.032197,0.016022,0.0010681,0.012665
-0.026398,-0.15366,-0.048676,-0.14603,0.037995,0.0041199,0.0099184,-0.017548
-0.048371,-0.092622,-0.034028,-0.13687,0.03769,-0.0056458,0.014191,-0.0028992
-0.038605,0.052644,-0.057832,-0.14511,0.02121,0.0022889,0.025788,0.02945
-0.02945,0.052644,-0.070649,-0.14603,0.019074,0.005951,0.011139,0.03006
-0.0044251,0.029755,-0.058442,-0.14725,0.019684,0.002594,0.0077821,-0.01236
0.036774,0.011444,-0.047761,-0.13962,0.0032044,0.022126,0.022126,-0.0028992
0.083467,-0.0065614,-0.063325,-0.15549,-0.014191,0.023041,0.037995,0.037995
0.015717,0.069734,-0.068208,-0.14084,-0.027619,0.015106,0.025177,0.075532
-0.15152,-0.10941,-0.04654,-0.076448,-0.026398,0.0083925,0.0019837,0.059052
-0.1622,-0.059968,-0.08835,-0.1265,0.015412,-0.0010681,-0.010834,-0.0090028
-0.13993,0.043183,-0.07187,-0.16495,0.029755,-0.0022889,-0.014191,-0.046845
-0.10697,0.015106,-0.062104,-0.13748,0.0016785,0.0053407,0.0080873,-0.018769
-0.041047,-0.013886,-0.053864,-0.094759,0.0053407,0.016022,0.0010681,-0.0056458
0.029755,-0.030976,-0.064546,-0.14084,0.026093,0.0071717,0.011749,0.016938
0.077974,-0.03006,-0.064546,-0.16739,0.027924,-0.0035096,0.036774,0.054475
0.049897,-0.053559,-0.059052,-0.14664,0.009308,0.0065614,0.02945,0.066072
0.020905,-0.049592,-0.057221,-0.12985,0.018158,0.013275,0.016938,0.019989
-0.053864,-0.059358,-0.055085,-0.13169,0.02182,0.016022,0.013275,-0.0083925
-0.059968,-0.09781,-0.061799,-0.12772,0.011444,0.018158,-0.0010681,-0.013581
-0.034943,-0.066682,-0.060273,-0.15305,0.021515,0.017243,0.0035096,-0.02884
0.00045777,-0.037995,-0.057832,-0.13657,0.0206,0.00076295,0.0032044,-0.020294
-0.012055,-0.0013733,-0.06424,-0.13718,0.0090028,0.013886,0.016632,0.014801
0.032197,0.0016785,-0.066072,-0.15183,0.011749,-0.0019837,0.020905,0.014191
0.051118,-0.010834,-0.034943,-0.12589,-0.002594,0.010224,0.010834,0.027008
-0.030976,-0.10971,-0.0083925,-0.087739,-0.027314,0.019074,0.019684,0.059968
-0.045319,-0.12009,-0.044709,-0.1149,-0.014801,0.019074,0.009308,0.044099
-0.035554,-0.042878,-0.08072,-0.13382,0.0068666,-0.00015259,0.0041199,0.0065614
-0.0206,0.0047303,-0.087129,-0.12955,-0.0053407,-0.0038148,0.020905,0.018769
-0.04715,0.0083925,-0.068513,-0.15549,-0.0050355,-0.005951,0.018769,0.0077821
-0.070649,-0.034638,-0.049897,-0.15793,-0.0050355,0.017243,-0.0035096,0.0032044
-0.061189,-0.045624,-0.05417,-0.12955,-0.011139,0.024567,-0.016327,-0.0041199
-0.033112,-0.0099184,-0.073396,-0.13718,-0.00045777,-0.0047303,0.02182,-0.011444
-0.040436,-0.010224,-0.048066,-0.15122,0.0047303,-0.0035096,0.0047303,-0.014496
-0.04654,-0.040436,-0.014801,-0.13779,0.011749,-0.0022889,-0.0022889,0.011749
-0.028229,-0.02884,-0.036774,-0.10056,0.02182,0.031281,0.014801,0.013886
-0.052033,-0.034943,-0.073091,-0.11948,0.036164,0.018463,0.0010681,-0.0044251
-0.085908,-0.045319,-0.068513,-0.13352,0.035248,0.0080873,-0.0022889,0.0010681
-0.084077,-0.059663,-0.033112,-0.12192,0.035554,0.0068666,0.0090028,-0.013275
-0.055085,-0.048981,-0.048676,-0.10239,0.030976,-0.010224,0.011749,-0.033112
-0.0044251,0.009308,-0.08072,-0.14847,0.023651,0.027924,0.0050355,-0.017548
-0.0022889,0.0083925,-0.062409,-0.12497,0.0010681,0.030365,0.013275,0.010834
-0.010834,-0.039826,-0.045014,-0.11398,0.0086976,-0.00015259,0.025788,0.0099184
0.0032044,-0.016327,-0.042878,-0.12955,-0.0010681,0.013275,-0.0032044,0.023651
0.016938,0.0019837,-0.062409,-0.12802,-0.0053407,0.01236,-0.0035096,0.031891
-0.027619,-0.020905,-0.081025,-0.10758,-0.021515,-0.017548,0.030976,0.042878
-0.0013733,-0.025788,-0.092012,-0.15274,-0.0080873,-0.00015259,0.011749,0.014191
-0.033112,-0.13046,-0.041657,-0.14908,0.0096132,0.017853,0.011139,0.055085
-0.052644,-0.18662,-0.028229,-0.11398,-0.020294,0.031281,0.02121,0.083467
-0.022431,-0.12467,-0.075227,-0.10788,0.010834,0.0062562,-0.0022889,0.037079
-0.0010681,0.031586,-0.086519,-0.16068,0.039216,-0.0056458,-0.010834,0.010529
-0.0022889,0.034333,-0.086519,-0.1561,0.01297,0.016632,0.0028992,-0.02121
0.012665,-0.031891,-0.076448,-0.1677,-0.0010681,0.016632,0.010834,-0.031586
-0.0074769,-0.035554,-0.033112,-0.1445,0.014191,0.002594,0.016938,-0.0019837
-0.049592,0.023957,-0.0065614,-0.092317,0.022126,0.022431,0.0010681,0.0041199
-0.045624,0.07126,-0.040131,-0.12284,0.047761,0.0071717,-0.010834,-0.016327
-0.025177,0.12345,-0.090181,-0.14481,0.059052,-0.0068666,0.023041,-0.014496
-0.045014,0.11643,-0.11368,-0.13382,0.014191,0.020905,0.029145,0.0053407
-0.047456,0.093233,-0.068208,-0.093538,-0.0056458,0.012665,0.0056458,0.0016785
-0.02121,-0.0096132,-0.019074,-0.10849,0.015412,-0.01297,-0.00076295,-0.02884
-0.04593,-0.014191,-0.043793,-0.17563,-0.011444,0.019989,0.020294,-0.002594
-0.048371,-0.08072,-0.017853,-0.14176,-0.033417,0.018769,0.017853,-0.0041199
-0.10391,-0.42252,0.032807,-0.084688,-0.032502,-0.0077821,0.029755,0.0047303
-0.075837,-0.48295,-0.040131,-0.12284,-0.0050355,0.014801,-0.0056458,-0.019684
-0.0050355,-0.021515,-0.092622,-0.16159,0.02884,-0.0090028,-0.025483,-0.035554
0.0041199,0.083772,-0.084077,-0.14847,-0.002594,0.00045777,0.0028992,-0.0013733
0.010529,0.036164,-0.07126,-0.13077,0.0028992,0.0206,0.0065614,0.017853
-0.020294,-0.016327,-0.063935,-0.12161,0.016632,0.014801,0.0065614,0.015106
-0.069429,-0.10941,-0.056611,-0.10361,0.025483,0.018463,-0.0013733,0.0065614
-0.042573,-0.12558,-0.069123,-0.14084,0.035248,0.0050355,0.0099184,0.010529
-0.05539,-0.084993,-0.061799,-0.15091,0.025788,0.0022889,0.0065614,0.026093
-0.0086976,-0.028229,-0.056916,-0.14908,0.002594,-0.0074769,0.015412,0.024262
0.016022,0.010224,-0.059358,-0.13535,0.013275,0.0032044,0.014801,0.031891
0.0032044,0.021515,-0.057832,-0.12436,0.0077821,0.027314,0.025483,0.059358
0.020905,0.00015259,-0.063935,-0.1149,-0.016632,0.02884,0.023957,0.049592
-0.017548,-0.0047303,-0.065156,-0.11368,-0.015106,0.038605,0.024262,0.057832
-0.031281,0.0077821,-0.073091,-0.13993,0.0010681,0.0062562,0.01297,0.046845
-0.031586,-0.0062562,-0.064851,-0.13779,-0.0035096,-0.0086976,-0.0032044,0.0090028
-0.060578,-0.029755,-0.063325,-0.11765,-0.019379,0.0099184,-0.009308,0.0013733
-0.045624,-0.034638,-0.056611,-0.11704,-0.0056458,0.0065614,-0.0053407,-0.0041199
-0.034333,-0.037995,-0.064546,-0.11521,0.0016785,0.024872,0.024262,0.0090028
-0.040436,-0.040742,-0.057832,-0.14206,0.0080873,0.009308,0.026703,-0.011139
-0.012665,-0.016022,-0.052949,-0.13504,0.018769,0.0068666,0.027619,-0.0062562
-0.024262,-0.01236,-0.056611,-0.13169,0.0065614,0.00015259,-0.0047303,0.015717
-0.019074,-0.0068666,-0.065156,-0.14755,0.016632,-0.0032044,-0.0056458,0.00076295
-0.009308,-0.0062562,-0.056916,-0.15854,0.027314,0.011444,0.0080873,0.0096132
0.015106,-0.0074769,-0.060883,-0.14908,0.024262,0.015106,0.010529,0.002594
0.0086976,-0.002594,-0.076448,-0.16159,0.016022,0.027314,0.0053407,0.011139
-0.018463,-0.03006,-0.08835,-0.168,0.011444,0.014801,-0.0013733,0.009308
-0.070954,-0.090486,-0.067292,-0.12711,0.013275,0.01297,0.01297,0.017853
-0.12222,-0.12772,-0.042878,-0.072786,0.009308,0.0044251,-0.0056458,-0.0050355
-0.088045,-0.096895,-0.030671,-0.084382,0.027924,0.0090028,-0.01297,-0.036774
-0.043183,-0.052644,-0.044709,-0.13199,0.040131,0.0083925,-0.0047303,-0.043488
-0.013275,-0.020905,-0.030365,-0.15061,0.018158,0.016632,0.01297,-0.033722
-0.040436,-0.033417,-0.040131,-0.13748,-0.022126,0.014496,0.025788,-0.0022889
-0.022126,-0.024567,-0.059358,-0.12467,-0.024872,0.0065614,0.0071717,-0.0074769
-0.015106,0.047456,-0.082246,-0.15061,-0.009308,-0.0047303,0.002594,-0.00076295
-0.011444,0.036469,-0.084077,-0.15976,-0.014801,0.0083925,0.0065614,0.040131
0.02945,0.0013733,-0.064546,-0.12863,-0.0028992,0.0206,0.041352,0.05417
0.069734,-0.013581,-0.061189,-0.13504,0.0099184,0.002594,0.023651,0.070649
-0.012055,-0.05417,-0.056001,-0.10544,0.015106,-0.011139,0.016938,0.085908
-0.051423,-0.11948,-0.055695,-0.11704,0.017548,0.012055,-0.0010681,0.033722
-0.034638,-0.066377,-0.066377,-0.12436,0.031586,0.00076295,-0.0035096,-0.010224
-0.05539,-0.056001,-0.056611,-0.13565,0.019379,-0.0041199,0.017853,0.0080873
-0.052949,-0.035554,-0.051728,-0.14664,0.013581,0.0086976,-0.010224,-0.0028992
-0.044404,-0.033722,-0.059052,-0.13718,0.027314,-0.016022,-0.016938,-0.00045777
-0.042573,-0.020905,-0.055695,-0.13138,0.012665,0.0071717,0.0077821,-0.0080873
-0.048676,-0.059968,-0.039216,-0.12497,0.0010681,-0.00015259,0.0038148,-0.021515
-0.067292,-0.056611,-0.036164,-0.14115,0.0038148,-0.0099184,0.0032044,-0.023651
-0.074922,-0.035554,-0.046845,-0.14908,0.0032044,-0.0010681,0.023651,-0.0206
-0.04593,-0.072786,-0.06424,-0.15549,-0.010529,0.009308,0.014801,-0.02945
0.0096132,-0.11551,-0.060578,-0.13779,-0.01236,0.013886,0.018158,-0.002594
-0.0013733,-0.026093,-0.059052,-0.10849,-0.011444,0.010834,0.029145,0.017243
-0.009308,0.066072,-0.077058,-0.12985,0.0086976,0.014191,0.015106,0.017548
-0.065156,0.021515,-0.074922,-0.1146,0.02182,0.013886,0.0016785,0.0035096
-0.064546,0.00045777,-0.059358,-0.13138,0.015106,0.010224,0.0053407,0.0028992
-0.05539,-0.034028,-0.030365,-0.12039,0.013275,-0.0013733,0.026703,0.012665
-0.0206,-0.06363,-0.052949,-0.13321,0.0080873,0.0041199,0.009308,0.027924
0.033722,-0.019989,-0.066987,-0.14481,0.012665,0.0053407,0.010834,0.031586
0.011139,-0.024567,-0.078889,-0.15885,0.012665,0.0053407,-0.002594,0.015717
-0.037079,-0.027619,-0.072786,-0.14176,0.0090028,0.025177,0.035554,0.044099
-0.027008,-0.009308,-0.068513,-0.13962,0.027314,0.010529,0.027924,0.015717
0.0086976,-0.013886,-0.052338,-0.1149,0.035554,0.016938,-0.00045777,0.0013733
0.065766,-0.027619,-0.064546,-0.15915,0.019379,0.011139,0.00076295,0.017243
0.014191,-0.05417,-0.042573,-0.14511,0.011444,0.016938,0.0096132,0.0096132
-0.065766,-0.078279,-0.016327,-0.090486,-0.01236,0.0099184,0.019074,0.027314
-0.068208,-0.078889,-0.062409,-0.12345,-0.0022889,0.0050355,0.0035096,0.00045777
-0.04715,-0.093538,-0.07248,-0.15396,0.0056458,-0.0016785,-0.00045777,-0.014801
-0.031281,-0.060578,-0.04654,-0.11246,-0.018769,0.01236,0.024262,0.010529
-0.023346,-0.042878,-0.039216,-0.091096,0.0010681,0.0053407,0.032197,0.027008
-0.035554,-0.017548,-0.057221,-0.1265,0.034028,0.0086976,0.020294,0.0096132
-0.011139,-0.0022889,-0.052949,-0.14481,0.019684,0.018158,0.0016785,-0.0047303
-0.033112,0.03006,-0.066072,-0.1445,0.0050355,0.011139,0.011749,0.011444
-0.065156,-0.0016785,-0.061799,-0.10452,0.0041199,-0.0019837,-0.0062562,0.015106
-0.053864,-0.050813,-0.060883,-0.12863,0.025483,0.020294,0.0010681,-0.0056458
-0.0019837,-0.027314,-0.069123,-0.15,0.024262,0.024262,-0.00045777,-0.0083925
0.031586,-0.028229,-0.051118,-0.15732,0.025788,0.024567,-0.0090028,0.019684
0.0096132,-0.050813,-0.039216,-0.12802,0.017853,0.029145,0.026093,0.047456
0.0038148,-0.025483,-0.05417,-0.13962,0.027924,0.00045777,0.0028992,0.017548
0.0080873,-0.02945,-0.060883,-0.13535,0.013581,-0.0016785,-0.0053407,-0.0083925
-0.027008,-0.038911,-0.059968,-0.13443,-0.0047303,-0.0035096,0.019379,-0.0035096
-0.010529,0.0041199,-0.075837,-0.12741,-0.016938,0.0032044,0.011139,-0.0041199
0.0050355,0.039216,-0.094148,-0.14176,-0.022431,0.0053407,0.0038148,-0.012055
-0.015717,0.051728,-0.086519,-0.13443,-0.02121,-0.010224,0.009308,-0.002594
-0.046845,0.069734,-0.052644,-0.12528,-0.010529,0.0019837,0.0056458,0.0019837
-0.052644,0.0032044,-0.050507,-0.11521,0.0038148,0.02121,0.015717,0.0090028
-0.041657,-0.06424,-0.045014,-0.13901,0.0050355,0.0071717,0.025483,0.019074
-0.077668,-0.13901,-0.039216,-0.15,0.0013733,0.016022,0.02121,0.031586
-0.15946,-0.29587,-0.030671,-0.13077,0.0038148,0.026093,0.009308,0.047456
-0.11215,-0.18387,-0.038911,-0.13657,0.0099184,-0.0090028,0.017853,0.0096132
-0.037385,-0.065766,-0.050813,-0.14359,0.013581,-0.011749,0.014801,-0.0068666
-0.00015259,-0.022736,-0.059968,-0.13107,0.022736,0.015412,-0.0010681,-0.00045777
0.0041199,-0.0062562,-0.05417,-0.12345,0.021515,0.022431,0.019074,0.011749
-0.033417,-0.028229,-0.043183,-0.103,0.03006,0.0062562,0.026703,0.015717
-0.028229,-0.016632,-0.062715,-0.13962,0.043793,0.0041199,-0.010529,-0.0062562
-0.019684,-0.0065614,-0.074311,-0.15274,0.028229,0.0099184,-0.014496,-0.0080873
-0.024872,-0.013886,-0.070954,-0.15732,0.0077821,-0.005951,0.0065614,0.0065614
-0.025788,-0.012055,-0.062104,-0.1445,0.0099184,0.010529,0.0074769,0.019074
-0.0206,-0.0016785,-0.069429,-0.13107,0.0096132,0.018158,-0.0065614,0.030976
-0.0096132,-0.011749,-0.072175,-0.11887,0.0068666,0.020905,0.0074769,0.045624
-0.025177,-0.024262,-0.070039,-0.12894,-0.0010681,-0.0071717,0.0096132,0.046845
0.0013733,0.0041199,-0.064546,-0.13077,0.0013733,0.0099184,0.020294,0.01297
-0.030671,-0.031586,-0.051118,-0.13382,-0.016632,0.0050355,0.02945,0.012665
-0.04715,-0.085603,-0.042267,-0.13748,-0.020905,-0.0096132,0.030365,0.023041
-0.0013733,-0.065766,-0.034028,-0.15061,0.0056458,-0.0019837,0.019684,-0.018769
-0.0074769,-0.045624,-0.050202,-0.14664,-0.0019837,0.016327,0.03769,-0.012055
-0.016327,-0.05539,-0.056001,-0.12924,-0.0032044,0.01297,0.027619,0.009308
-0.015106,-0.042267,-0.062409,-0.11368,0.0099184,0.0086976,0.00076295,0.0032044
-0.027619,-0.047761,-0.052033,-0.11704,0.011444,0.014801,0.013581,-0.0074769
-0.031281,0.026398,-0.07126,-0.10788,0.022736,0.0032044,0.024872,-0.0044251
-0.025177,0.0019837,-0.052033,-0.13199,0.045014,0.0032044,0.010834,-0.02121
-0.0062562,0.0041199,-0.059968,-0.15396,0.034028,0.014191,-0.014191,-0.031281
-0.0044251,0.054475,-0.085298,-0.1677,0.01297,0.019379,-0.0022889,0.0071717
-0.068208,0.017243,-0.069429,-0.13077,-0.00076295,0.005951,0.022126,0.05539
-0.087434,-0.024567,-0.052949,-0.11276,-0.0022889,0.012665,0.00076295,0.043793
-0.14603,-0.066377,-0.052033,-0.121,0.0010681,0.022126,0.0056458,-0.010529
-0.13413,-0.1442,-0.061189,-0.14511,0.012665,0.0053407,0.0065614,-0.018158
-0.092927,-0.13077,-0.060883,-0.14847,0.011749,0.038605,0.005951,-0.015412
-0.019379,-0.092927,-0.055695,-0.14115,-0.011444,0.014496,0.031281,0.0080873
0.075227,-0.05417,-0.05417,-0.11673,-0.011444,-0.0086976,0.013886,0.0047303
0.087739,-0.03006,-0.08011,-0.13748,-0.01236,-0.011749,0.0065614,0.027924
0.02884,-0.012665,-0.078889,-0.15091,-0.00076295,-0.0022889,0.019989,0.040131
-0.020294,-0.0041199,-0.082856,-0.13077,0.009308,0.0206,0.0016785,0.034028
-0.037079,-0.019684,-0.070039,-0.14847,0.0080873,0.02121,0.016632,0.027924
-0.041657,-0.048981,-0.048371,-0.1384,0.014191,0.019989,0.013886,0.0074769
-0.01297,-0.092927,-0.018769,-0.11734,0.017548,0.0032044,0.0035096,-0.0010681
0.0086976,-0.16464,0.021515,-0.10727,0.026093,0.0044251,-0.009308,-0.00076295
-0.0206,-0.090181,0.014801,-0.12375,0.036164,0.023041,-0.0022889,0.035554
-0.035859,0.022736,-0.056611,-0.14206,0.026703,0.026398,0.017243,0.037385
-0.021515,0.058442,-0.073396,-0.13962,0.029145,0.018158,-0.00076295,0.015106
-0.014496,0.033112,-0.07187,-0.15213,0.013581,0.002594,-0.0044251,0.013886
-0.049897,0.0010681,-0.077363,-0.13748,0.00076295,-0.017548,0.015717,0.031586
-0.066072,-0.053559,-0.065766,-0.10666,0.0077821,-0.0074769,0.012055,0.013581
-0.066682,-0.030671,-0.073091,-0.11398,0.0047303,0.0206,-0.0013733,-0.02121
-0.045624,-0.014191,-0.074922,-0.13199,0.0013733,0.019379,-0.0019837,-0.02884
-0.045319,-0.041962,-0.064851,-0.1326,-0.018769,0.014191,0.032807,0.009308
-0.028229,-0.031586,-0.074311,-0.14206,-0.0096132,0.020294,0.042267,0.015717
-0.016938,-0.0074769,-0.074922,-0.13962,0.013275,0.0022889,0.013581,-0.0035096
-0.0050355,-0.041657,-0.050202,-0.13169,0.0077821,0.0047303,0.005951,-0.0010681
-0.017548,-0.058747,-0.053254,-0.13657,-0.0019837,0.0044251,0.026703,0.011749
-0.021515,-0.056306,-0.052033,-0.13382,0.015412,-0.0013733,0.014801,0.021515
-0.050813,-0.040436,-0.044709,-0.11887,0.03769,0.0071717,-0.0041199,0.034943
-0.078279,-0.014496,-0.050202,-0.11673,0.05539,0.0065614,0.0050355,0.015412
-0.087129,-0.0044251,-0.070954,-0.15488,0.066072,0.0083925,0.0080873,-0.014191
-0.031586,-0.026398,-0.044099,-0.1384,0.0383,0.0071717,0.030365,-0.027619
0.010834,-0.023346,-0.052033,-0.12589,0.0038148,0.01297,0.019684,-0.019684
-0.054475,-0.039521,-0.064546,-0.14908,0.0090028,0.014191,0.0056458,0.009308
-0.056916,-0.069429,-0.058747,-0.14206,-0.009308,0.019379,0.011139,0.009308
0.011139,-0.0383,-0.041657,-0.10941,-0.023651,0.031586,0.023651,0.0068666
0.013886,-0.041352,-0.059052,-0.13077,-0.014801,-0.0022889,0.023651,0.028229
0.015412,-0.027314,-0.062104,-0.15213,0.0019837,0.018158,0.013581,0.04715
-0.0074769,-0.042878,-0.06302,-0.12741,-0.016327,0.028229,0.015412,0.041962
-0.063935,-0.053864,-0.051728,-0.10239,-0.030365,0.0062562,0.00045777,0.0080873
-0.079805,-0.049592,-0.061189,-0.12192,-0.011444,-0.0032044,-0.0041199,-0.025483
-0.073396,-0.047456,-0.056001,-0.14115,0.014801,0.02121,-0.014801,-0.04654
-0.056916,-0.042267,-0.056001,-0.12375,0.0206,0.0086976,0.0071717,-0.047761
-0.050507,-0.036164,-0.056916,-0.1268,0.012665,0.0010681,-0.009308,-0.0086976
-0.022431,-0.02884,-0.057832,-0.14115,0.024872,-0.0028992,-0.0019837,0.025177
0.010529,-0.0062562,-0.060578,-0.13718,0.033722,0.014801,0.015412,0.045014
0.041657,-0.010224,-0.06424,-0.13748,0.015717,0.0071717,0.027619,0.053254
0.072175,0.002594,-0.063325,-0.12192,0.027314,0.0080873,0.04715,0.052033
0.015106,-0.015717,-0.075227,-0.13962,0.034333,0.014496,0.049897,0.077363
-0.026398,-0.053559,-0.048371,-0.11795,0.013581,0.016938,0.019684,0.049897
-0.06302,-0.084382,-0.058442,-0.10697,0.0096132,0.010834,-0.0022889,0.021515
-0.041352,-0.077974,-0.065766,-0.12711,0.0068666,0.012055,0.010834,0.026093
-0.028229,-0.052033,-0.060273,-0.13687,0.0056458,0.020294,-0.0047303,0.022126
-0.027619,0.028534,-0.06424,-0.13901,-0.0044251,0.01297,0.0074769,0.029145
-0.047456,0.021515,-0.066682,-0.14572,-0.013275,0.013275,0.0071717,0.018158
-0.041352,0.00015259,-0.053254,-0.14267,-0.012665,0.014496,-0.0071717,0.0035096
-0.0071717,-0.022126,-0.052033,-0.13352,-0.011444,0.019074,0.0086976,-0.0053407
0.029755,-0.00045777,-0.056611,-0.12314,-0.016327,0.0077821,0.017548,0.030976
0.015412,-0.050813,-0.056306,-0.13321,-0.0010681,0.0022889,0.015717,0.019684
-0.031586,-0.11734,-0.070039,-0.11673,0.022126,-0.0047303,0.019989,0.011749
-0.045624,-0.11032,-0.065766,-0.12589,0.034943,0.00045777,0.011749,-0.0032044
-0.0080873,-0.019684,-0.050813,-0.10269,0.042878,0.023957,0.028229,-0.0044251
-0.015717,-0.0065614,-0.041047,-0.13535,0.032807,0.00076295,0.0032044,-0.00045777
-0.070954,-0.045319,-0.041047,-0.15732,0.013581,0.00076295,-0.016938,-0.033722
-0.084077,-0.09659,-0.027924,-0.14328,0.0016785,0.020905,-0.0032044,-0.042573
-0.098116,-0.06363,-0.040436,-0.14145,-0.00045777,0.014801,0.0032044,-0.042878
-0.075532,-0.099336,-0.053864,-0.13565,-0.011139,0.022736,0.011749,-0.025483
-0.067292,-0.046235,-0.077363,-0.11154,0.0028992,0.019989,0.026093,0.013886
-0.050813,0.0038148,-0.074617,-0.11734,0.027619,0.011444,0.01297,0.022736
-0.029755,-0.051423,-0.063325,-0.12161,0.021515,-0.0071717,-0.0044251,-0.014191
-0.018463,-0.066987,-0.074006,-0.15396,-0.00076295,0.0068666,-0.010834,0.0077821
-0.020905,-0.10086,-0.070649,-0.15122,0.0056458,0.016938,0.0056458,0.037079
-0.01297,-0.0044251,-0.070039,-0.13718,-0.0053407,0.0099184,0.017853,0.047456
-0.0083925,0.051728,-0.066377,-0.13687,-0.010529,0.027008,0.015412,0.066377
0.013581,0.065461,-0.052033,-0.10086,-0.0010681,0.015412,0.02182,0.03769
-0.0090028,0.06424,-0.033722,-0.093843,0.010529,0.00015259,-0.0028992,0.0032044
-0.032502,0.090486,-0.066072,-0.15396,0.036774,-0.0062562,-0.0086976,-0.018769
-0.023346,-0.041962,-0.048981,-0.13169,0.036774,-0.0068666,0.0035096,-0.024567
-0.015412,-0.11643,-0.031586,-0.11307,0.016022,-0.0013733,0.0065614,0.0071717
0.063325,-0.043488,-0.048371,-0.13657,0.030976,-0.012055,0.015412,-0.011444
0.051423,-0.016632,-0.063935,-0.17685,0.035554,-0.00076295,0.016632,0.0010681
-0.073701,-0.068208,-0.059052,-0.12711,0.0071717,0.019989,0.0047303,0.036774
-0.091707,-0.060883,-0.052949,-0.11978,0.023346,0.0080873,0.0077821,0.014801
-0.048981,-0.030976,-0.057221,-0.13138,0.018158,-0.0035096,-0.009308,-0.014801
-0.031586,-0.016938,-0.063325,-0.13535,-0.00045777,0.010834,0.0071717,-0.0044251
-0.069734,-0.058747,-0.059052,-0.14145,-0.0053407,0.014801,0.022126,0.0013733
-0.081025,-0.13626,-0.07187,-0.15183,-0.0035096,-0.0074769,0.0041199,-0.00076295
-0.057527,-0.098421,-0.081025,-0.15885,0.0096132,0.0032044,0.0019837,0.019989
-0.069429,-0.077974,-0.058442,-0.1033,-0.0206,0.024567,0.025483,0.027924
-0.065766,-0.026398,-0.055085,-0.12863,-0.017243,0.018463,0.0068666,0.002594
-0.031891,-0.026398,-0.050813,-0.11398,0.0016785,0.0019837,-0.002594,-0.014801
-0.0086976,-0.0016785,-0.074311,-0.14145,0.0099184,-0.0041199,0.016632,-0.015412
-0.023041,-0.036469,-0.07126,-0.16403,0.00076295,0.013886,0.016632,0.01297
-0.037385,-0.055695,-0.05417,-0.13199,-0.0035096,0.017853,0.031586,0.040436
-0.02121,-0.042573,-0.042267,-0.13535,0.017243,0.018769,0.0050355,-0.0028992
0.00076295,-0.046845,-0.023957,-0.12985,0.02182,0.022431,0.0013733,-0.01297
0.030365,-0.048981,-0.036469,-0.11185,0.025788,0.026093,0.036164,0.02182
0.028229,-0.014496,-0.049287,-0.12802,0.036164,0.011444,0.026703,0.037385
0.03006,-0.0068666,-0.058747,-0.12436,0.028229,0.014191,-0.0068666,0.035248
-0.010529,-0.051423,-0.066987,-0.10697,0.0074769,0.010224,0.0047303,0.013275
-0.04654,-0.10666,-0.07248,-0.13321,0.0035096,0.016632,0.005951,-0.00045777
-0.043793,-0.059968,-0.070039,-0.1268,0.0028992,0.018158,0.022126,-0.013275
-0.030671,0.037079,-0.060883,-0.14359,-0.01297,0.011444,0.027619,0.0056458
-0.02884,0.075227,-0.070649,-0.14054,-0.023346,-0.00076295,0.021515,0.037995
-0.045624,0.083772,-0.08072,-0.1326,-0.0062562,-0.0032044,0.0053407,0.026703
-0.067903,0.056306,-0.050507,-0.13321,0.0077821,-0.011749,0.0080873,0.038911
-0.061494,-0.0028992,-0.052033,-0.1384,0.0053407,-0.00015259,0.013275,0.031586
-0.044709,-0.055695,-0.05417,-0.11063,0.0010681,0.0065614,0.015717,0.015717
-0.023041,-0.063325,-0.066682,-0.13962,0.0086976,0.023041,0.010529,0.015106
-0.0056458,-0.053559,-0.058442,-0.15305,0.022126,0.0083925,0.0099184,-0.0028992
0.024872,-0.051423,-0.052644,-0.14267,-0.0071717,0.0028992,0.0041199,0.0038148
-0.0053407,-0.068208,-0.04715,-0.15885,0.015106,-0.0022889,0.011444,0.027314
-0.045624,-0.08072,-0.036469,-0.14267,0.027619,0.0077821,0.019989,0.047761
0.035248,-0.067903,-0.036774,-0.1268,0.031891,0.0206,-0.0022889,0.019989
0.055695,-0.0206,-0.052033,-0.15793,0.034333,0.010224,-0.023346,-0.0068666
-0.0028992,-0.0065614,-0.072786,-0.15488,0.032197,0.0022889,-0.022126,0.00045777
-0.034943,-0.026093,-0.074311,-0.15488,0.022126,0.018463,-0.0028992,0.026703
-0.04715,-0.0383,-0.062715,-0.12131,0.013581,0.0090028,0.013275,0.023651
-0.06363,-0.057832,-0.048371,-0.084382,-0.0065614,0.0044251,0.017243,0.011139
-0.066987,-0.039521,-0.087434,-0.098726,0.0010681,-0.0035096,0.015106,-0.012055
-0.083772,-0.026093,-0.096895,-0.121,0.0086976,-0.0053407,-0.00045777,-0.015412
-0.059052,0.0022889,-0.070954,-0.11704,-0.018463,0.019074,0.010834,0.0090028
-0.041352,0.017853,-0.060578,-0.13901,-0.026398,0.016327,0.01297,0.015412
-0.028229,0.002594,-0.031891,-0.12772,-0.0080873,0.014801,0.014191,0.014191
-0.015106,-0.033722,-0.00076295,-0.11551,-0.0022889,-0.00076295,0.032197,0.01297
-0.044709,-0.10391,0.002594,-0.10483,0.0074769,-0.0013733,0.017853,0.0080873
-0.037079,-0.121,-0.0383,-0.11154,0.02182,0.014496,-0.0032044,-0.014801
-0.016327,-0.0074769,-0.076448,-0.13779,0.035859,0.0050355,-0.012665,-0.043488
-0.045624,0.028229,-0.091402,-0.15854,0.031281,0.0083925,0.002594,-0.030365
-0.038605,-0.035859,-0.067292,-0.1445,-0.0010681,0.032502,-0.0028992,-0.012055
-0.012665,-0.038605,-0.07126,-0.15152,-0.0032044,0.032197,0.0010681,-0.022431
-0.010834,-0.025483,-0.072786,-0.12467,0.016938,0.0086976,0.0090028,-0.015412
0.0028992,-0.040131,-0.065156,-0.15915,0.010529,-0.00015259,0.0038148,-0.009308
-0.011139,-0.13169,-0.037995,-0.10788,0.0065614,0.00015259,0.025483,0.015412
-0.027314,-0.14786,-0.050813,-0.10086,0.0047303,0.0047303,0.013275,0.049592
0.010834,-0.017853,-0.062104,-0.12314,0.025483,-0.009308,0.0028992,0.012055
0.019379,-0.0056458,-0.068818,-0.14298,-0.0065614,0.0041199,0.023041,0.038911
-0.019379,-0.013581,-0.061799,-0.12802,-0.00015259,0.022126,0.025483,0.06302
-0.045319,-0.027314,-0.060578,-0.13962,0.0096132,0.0038148,0.0056458,0.016632
-0.059052,-0.058747,-0.058442,-0.13687,-0.0053407,-0.005951,-0.021515,-0.0096132
-0.056001,-0.072175,-0.058137,-0.14725,-0.0068666,0.019074,-0.0028992,-0.0019837
-0.056611,-0.020294,-0.059358,-0.14664,0.0010681,0.0077821,0.03006,0.0038148
-0.07126,-0.030365,-0.050507,-0.12436,0.002594,0.01297,0.013275,0.015717
-0.078279,-0.0383,-0.061799,-0.13504,0.015106,0.0022889,-0.0053407,0.0016785
-0.034638,-0.027314,-0.055085,-0.13565,0.030365,-0.0022889,0.015717,-0.023346
-0.027619,-0.033722,-0.052338,-0.10544,0.0096132,0.025483,0.0080873,-0.0086976
-0.040742,-0.0383,-0.059968,-0.12711,0.02182,0.010834,-0.0062562,0.0013733
-0.020294,-0.016938,-0.066377,-0.13718,0.034333,-0.0032044,0.0032044,-0.023346
0.024872,-0.031891,-0.060883,-0.13382,0.027619,0.0090028,0.02121,-0.01236
-0.015717,-0.059663,-0.058137,-0.13382,0.018158,0.012665,0.034333,0.025177
-0.018769,-0.025788,-0.072786,-0.12741,0.010834,0.01297,0.02884,0.036774
-0.014801,-0.0206,-0.072175,-0.14267,0.010834,0.012665,0.021515,0.029755
-0.035554,-0.022431,-0.056611,-0.13291,-0.002594,0.016632,0.034943,0.03769
-0.051728,-0.016632,-0.063325,-0.13931,0.002594,0.0053407,0.016938,0.045014
-0.016632,0.027314,-0.068818,-0.14908,0.00045777,0.0041199,-0.0013733,0.032807
-0.038605,-0.0080873,-0.035859,-0.10849,-0.022126,0.010529,0.009308,0.02884
-0.085908,-0.025788,-0.050813,-0.1146,-0.018158,0.0206,0.013886,0.015106
-0.065766,-0.07248,-0.042878,-0.14176,0.0053407,0.0086976,-0.0068666,-0.025788
-0.027619,-0.082246,-0.044099,-0.14115,-0.0086976,0.01236,-0.0071717,-0.015106
-0.009308,-0.051423,-0.057832,-0.13138,-0.015412,0.0053407,-0.0068666,0.0050355
-0.014801,-0.05417,-0.064546,-0.14511,0.0096132,0.0086976,0.034028,0.0019837
-0.019379,-0.058442,-0.059968,-0.15702,0.034333,0.0062562,0.0035096,0.013886
-0.025177,-0.05478,-0.05478,-0.13291,0.028229,0.024262,-0.010529,0.017548
-0.035859,-0.061799,-0.065766,-0.13962,0.011139,0.036164,-0.0047303,0.010529
-0.033722,-0.024567,-0.068818,-0.15671,0.012055,0.0068666,0.0080873,-0.0044251
-0.009308,-0.01236,-0.045014,-0.13504,0.027619,0.0099184,0.017243,0.0056458
0.049592,0.018158,-0.050202,-0.1088,0.018769,0.005951,0.005951,0.019074
0.013581,0.03769,-0.074922,-0.13535,0.009308,0.0022889,0.016022,0.047456
-0.01297,-0.019989,-0.064546,-0.1207,0.0077821,0.013275,0.011444,0.041352
-0.034333,-0.087434,-0.066682,-0.121,0.011749,-0.0086976,-0.0028992,-0.0080873
-0.042878,-0.12741,-0.060883,-0.14206,0.005951,0.0044251,-0.0206,-0.026398
0.00076295,-0.054475,-0.041962,-0.11398,-0.015412,-0.0019837,-0.012665,-0.0047303
0.0068666,0.039521,-0.050507,-0.11704,-0.017548,-0.0086976,0.0047303,0.01297
-0.010529,0.017853,-0.056611,-0.15183,0.0050355,0.022126,0.0065614,0.0090028
-0.066682,-0.018463,-0.034028,-0.12345,-0.00015259,0.018769,0.016632,0.030365
-0.081025,0.065461,-0.052949,-0.15457,-0.0044251,0.0050355,0.013886,0.015412
0.0010681,-0.0383,-0.068818,-0.16464,0.005951,0.011139,0.025788,-0.00015259
-0.083467,-0.17563,-0.034943,-0.10727,-0.009308,0.014191,0.035248,0.049592
-0.1445,-0.21469,-0.037995,-0.089876,0.0096132,-0.0056458,0.0099184,0.032807
-0.059358,-0.048371,-0.067903,-0.14878,0.066377,-0.0074769,-0.013275,-0.024872
-0.031891,0.076753,-0.076143,-0.14084,0.051118,-0.014191,0.013275,-0.0010681
-0.057221,0.03769,-0.056916,-0.121,0.011444,-0.0047303,0.017243,0.030365
-0.077668,0.0041199,-0.07126,-0.12192,0.023651,-0.0013733,0.015412,-0.00045777
-0.048676,0.056001,-0.046235,-0.12955,0.034943,0.022736,-0.002594,-0.020905
-0.015412,-0.0035096,-0.052949,-0.11917,0.018769,0.013886,0.013886,-0.0206
-0.015412,-0.0068666,-0.068818,-0.10513,-0.0065614,0.012055,0.009308,0.0068666
0.024262,0.016632,-0.070649,-0.11521,-0.00045777,0.0077821,0.0086976,0.0013733
0.024262,0.012665,-0.074006,-0.13321,-0.00076295,0.0041199,0.027619,-0.013275
-0.01236,-0.057832,-0.047761,-0.13504,-0.026703,0.013275,0.027314,-0.0019837
-0.055695,-0.18601,-0.039216,-0.1149,-0.0065614,0.00015259,-0.00076295,0.0071717
-0.057832,-0.16892,-0.052644,-0.1149,0.0077821,-0.0013733,0.0053407,-0.0050355
-0.094453,-0.1503,-0.061189,-0.14511,0.014191,0.011139,0.0035096,0.0090028
-0.069123,-0.1088,-0.062715,-0.16068,0.0013733,0.011444,0.014191,0.021515
0.015717,-0.0053407,-0.069429,-0.13931,0.019074,0.0047303,0.022126,0.0047303
0.082856,0.023957,-0.06424,-0.11856,0.024262,0.012665,0.034333,0.034028
0.095369,0.031891,-0.064851,-0.12131,0.011139,0.016327,0.037079,0.055695
0.009308,0.0080873,-0.063935,-0.15,0.033112,0.0062562,0.023651,0.038911
-0.070649,-0.018463,-0.053254,-0.17014,0.039216,0.01297,0.0074769,0.029755
-0.037079,-0.026398,-0.04654,-0.13962,0.020905,0.018463,-0.0010681,0.0038148
-0.052033,-0.05417,-0.057221,-0.13321,0.0047303,0.0068666,0.02121,0.011139
-0.079194,-0.11154,-0.032502,-0.12955,0.018158,-0.013886,0.020294,0.024262
0.0035096,-0.070344,-0.042573,-0.1268,0.028229,0.0068666,0.0028992,0.0050355
-0.02884,-0.028534,-0.044404,-0.13107,0.00076295,0.024262,0.025788,0.020905
-0.061189,-0.0083925,-0.073091,-0.13077,-0.012665,0.0086976,0.0050355,0.012665
-0.067597,-0.0206,-0.070039,-0.14847,0.00076295,0.0032044,-0.0062562,-0.010529
-0.072786,-0.036164,-0.060883,-0.15335,-0.0035096,-0.0068666,-0.013581,-0.0083925
-0.058747,-0.053864,-0.060883,-0.13718,-0.010529,-0.0047303,0.00045777,-0.0047303
-0.038911,-0.05478,-0.058137,-0.12314,0.002594,0.020905,0.0068666,0.005951
-0.013581,-0.038911,-0.065766,-0.12375,0.0038148,0.014496,-0.002594,-0.0035096
-0.0053407,-0.036774,-0.066072,-0.14542,-0.0047303,0.027008,0.0047303,0.0028992
-0.00076295,-0.03006,-0.063935,-0.13321,-0.0035096,0.0086976,0.013886,0.002594
0.024262,0.041657,-0.086213,-0.13443,0.0038148,0.022431,-0.00045777,-0.02945
0.020294,0.10788,-0.10056,-0.14725,0.028229,0.005951,0.0065614,-0.016327
-0.024567,0.073396,-0.085908,-0.16403,0.039826,0.0086976,0.00076295,-0.0062562
-0.035554,-0.012055,-0.041962,-0.12284,0.013886,0.010834,0.035248,0.002594
-0.024567,-0.039521,-0.019074,-0.08896,0.025177,0.005951,0.025177,0.0053407
-0.035554,-0.084077,-0.013581,-0.082246,0.048066,0.0019837,0.005951,0.019684
-0.03769,-0.18173,-0.050813,-0.12955,0.059663,0.0206,0.010834,0.024262
-0.041962,-0.28153,-0.060578,-0.16068,0.019379,0.019379,0.025177,0.019684
-0.0041199,-0.1265,-0.088655,-0.15579,-0.018463,0.023041,0.014191,0.0099184
0.025788,-0.0077821,-0.078889,-0.15946,-0.026398,0.026093,0.015717,0.027008
-0.02884,0.031586,-0.060578,-0.10575,-0.030365,0.010834,0.033722,0.051118
-0.060883,0.013886,-0.040742,-0.092317,-0.015412,0.010529,0.010529,0.010834
-0.024262,-0.0041199,-0.015412,-0.14084,0.023041,-0.0090028,-0.022431,-0.052033
-0.0090028,-0.050507,-0.014496,-0.12711,0.017243,-0.0019837,0.0096132,-0.017243
-0.019074,-0.022431,-0.06424,-0.14359,-0.0013733,0.018769,0.0096132,0.009308
-0.024567,-0.045624,-0.060578,-0.1445,0.02945,0.01236,-0.0050355,0.017243
-0.023346,-0.082246,-0.05417,-0.11673,0.021515,0.0038148,0.0090028,0.017243
-0.009308,-0.10636,-0.059052,-0.1265,0.0099184,0.010529,0.0071717,0.02121
-0.0096132,-0.036774,-0.059358,-0.13779,0.025177,0.037079,0.011444,0.01297
-0.018158,0.0038148,-0.073091,-0.16312,0.027008,0.013275,0.0090028,0.0013733
-0.042878,-0.0019837,-0.076753,-0.13993,0.011139,-0.0041199,0.005951,0.012665
-0.092927,0.048371,-0.074311,-0.10941,0.0019837,0.015412,0.031891,0.015412
-0.091096,0.041657,-0.090181,-0.11521,0.0077821,0.013886,0.011444,-0.0096132
-0.049592,-0.10575,-0.06302,-0.13046,0.015717,0.014191,0.0038148,-0.017548
-0.029755,-0.021515,-0.050507,-0.15549,-0.00015259,0.023957,0.029145,0.018158
-0.039826,0.034028,-0.026398,-0.11368,-0.0083925,0.023957,0.014801,0.047456
-0.052949,0.015717,-0.024262,-0.10086,0.0074769,-0.0053407,0.011749,0.023957
-0.077974,-0.027314,-0.034333,-0.08835,0.00045777,-0.0038148,0.009308,0.0050355
-0.076753,-0.036774,-0.04715,-0.11063,-0.0028992,0.014191,-0.0044251,-0.011139
0.03006,-0.024567,-0.070954,-0.15488,-0.00015259,0.0053407,0.010834,-0.015412
-0.00045777,-0.028534,-0.069429,-0.15854,-0.010529,-0.013581,0.011139,0.025483
-0.048676,-0.013886,-0.084688,-0.15396,-0.015717,0.011139,0.024262,0.031281
-0.032502,0.02182,-0.085908,-0.15549,-0.0022889,0.009308,0.019074,0.016632
0.0047303,-0.009308,-0.055085,-0.1146,0.01297,0.01297,0.01297,0.023346
-0.0044251,-0.074922,-0.034333,-0.091096,0.027924,0.009308,0.013886,0.036774
0.029755,-0.065766,-0.062104,-0.15488,0.044404,0.0071717,0.019989,0.019989
0.040436,-0.053864,-0.065766,-0.17594,0.026703,0.014801,0.026703,0.017853
0.015106,-0.056306,-0.048066,-0.13321,-0.00076295,0.014801,0.023041,0.04593
-0.037385,-0.048981,-0.055085,-0.094759,0.016022,0.0083925,0.014801,0.063935
-0.069429,-0.055695,-0.063325,-0.12161,0.027314,-0.0032044,0.018769,0.040131
-0.022431,-0.03769,-0.070649,-0.16617,0.034028,-0.0056458,0.002594,0.016022
0.0013733,-0.013886,-0.056916,-0.13077,0.016938,-0.0028992,-0.0044251,0.0090028
-0.015412,-0.02945,-0.055085,-0.11948,0.0016785,0.021515,0.0077821,0.015106
-0.051118,-0.056916,-0.061189,-0.13169,0.005951,0.012055,-0.011444,0.0074769
-0.059663,-0.065461,-0.058442,-0.14389,-0.014801,0.015106,0.002594,0.015412
-0.089265,-0.06363,-0.061799,-0.14542,-0.025177,0.023346,0.026703,-0.0013733
-0.057221,-0.051423,-0.060578,-0.15885,-0.019379,0.0065614,0.00076295,-0.034943
-0.045014,-0.051423,-0.054475,-0.13504,-0.014191,0.0083925,0.0056458,-0.034638
-0.052949,-0.048676,-0.041047,-0.14755,-0.009308,0.010224,0.019684,-0.031281
-0.039216,-0.053559,-0.038605,-0.11124,0.0056458,0.0068666,-0.013275,-0.011139
-0.032807,-0.047456,-0.050507,-0.11765,0.036164,0.01297,-0.0053407,-0.0062562
-0.010529,-0.041657,-0.069429,-0.13931,0.044099,0.0090028,0.0050355,0.00045777
0.070649,-0.017548,-0.075837,-0.15702,0.044404,0.0044251,-0.015106,0.025177
0.029755,0.00045777,-0.070039,-0.11856,0.020905,0.009308,0.016632,0.054475
-0.019684,0.010224,-0.066072,-0.12558,0.0086976,0.014496,0.033417,0.084688
-0.038605,-0.017853,-0.064851,-0.13687,0.019684,-0.00015259,0.020905,0.040131
-0.083467,-0.074311,-0.047761,-0.11673,0.0041199,0.0080873,0.035859,0.031586
-0.040742,-0.049897,-0.044099,-0.10452,0.0041199,-0.0013733,0.023041,-0.0050355
-0.019684,-0.02884,-0.038605,-0.093538,0.005951,0.016022,0.0032044,-0.0044251
-0.036469,-0.043488,-0.057832,-0.13565,-0.0041199,0.018463,0.035859,0.024872
-0.056001,-0.046235,-0.066072,-0.15457,-0.0022889,0.016632,0.016938,0.013581
-0.066987,-0.041657,-0.064851,-0.13382,-0.013275,0.012665,-0.0032044,-0.0083925
-0.02945,0.0038148,-0.070649,-0.11704,-0.012665,0.019989,0.011139,0.0019837
-0.024872,-0.0096132,-0.060578,-0.121,0.0071717,0.015412,0.027619,0.02121
0.0032044,-0.033417,-0.061189,-0.1326,0.019379,0.014801,0.015106,-0.0028992
0.0035096,-0.034028,-0.059052,-0.11795,0.010834,0.009308,0.017853,0.0047303
0.022736,-0.039521,-0.049897,-0.14694,0.0038148,0.0068666,0.018158,0.025788
0.049592,-0.049897,-0.053254,-0.13687,0.017853,0.0028992,0.0013733,0.02121
-0.024567,-0.042267,-0.058137,-0.12528,0.012055,0.0065614,-0.029145,0.022736
-0.17899,-0.1149,-0.052949,-0.12955,0.015412,0.0022889,-0.013275,0.0090028
-0.13748,-0.10758,-0.043183,-0.1445,0.023041,0.0041199,0.011749,-0.013581
-0.045624,-0.040131,-0.04593,-0.12039,0.016022,0.014191,0.010834,-0.030365
-0.022431,-0.03006,-0.074006,-0.13046,0.019379,0.019379,0.023957,-0.038605
0.026093,0.044709,-0.087434,-0.14511,-0.00015259,0.0083925,0.0080873,-0.0071717
0.0028992,0.076448,-0.08072,-0.16403,-0.0032044,0.0047303,0.0056458,0.0013733
-0.014496,0.083467,-0.090181,-0.16007,-0.02121,0.0041199,0.019379,-0.010834
-0.067292,0.04593,-0.061799,-0.12253,-0.010529,0.02121,0.021515,-0.010529
-0.076753,0.0041199,-0.040131,-0.11154,0.0053407,0.018158,0.0013733,-0.022431
-0.043793,-0.020294,-0.021515,-0.10788,-0.0047303,0.011444,-0.011444,-0.050813
-0.039216,-0.12558,-0.011749,-0.14878,-0.0056458,0.013886,0.016022,-0.027008
-0.099641,-0.27207,-0.011444,-0.11124,0.0056458,0.010834,0.017548,0.0086976
-0.082856,-0.1796,-0.041657,-0.12131,0.025483,-0.0050355,0.010529,-0.01236
0.0050355,-0.16403,-0.050507,-0.13504,0.012665,-0.020294,-0.0047303,-0.018769
0.06424,-0.1207,-0.075837,-0.13993,0.009308,0.0083925,0.00076295,0.02182
0.021515,-0.066377,-0.081941,-0.15915,0.016632,0.01297,0.019074,0.061494
0.049287,0.043793,-0.085298,-0.15335,0.005951,0.01236,0.036164,0.081636
0.019379,0.11948,-0.074617,-0.13077,0.02182,0.0071717,0.018158,0.084077
0.0038148,0.0383,-0.048066,-0.11154,0.020905,0.0022889,0.010834,0.065461
-0.010224,-0.0068666,-0.05417,-0.11765,0.017243,0.019379,-0.0010681,0.042878
-0.017548,-0.066072,-0.048371,-0.14176,0.02182,0.030365,-0.0056458,0.044404
-0.014191,-0.075532,-0.068818,-0.16129,0.023346,0.024872,0.0050355,0.02182
-0.02884,-0.064546,-0.050813,-0.12985,-0.00076295,0.0041199,0.0099184,0.010529
-0.030976,-0.023346,-0.065156,-0.12711,-0.011444,0.016938,0.0071717,-0.012665
-0.04654,-0.0016785,-0.084382,-0.13291,0.00076295,0.0044251,0.0050355,-0.030976
-0.064851,-0.061799,-0.060578,-0.12741,-0.022126,0.005951,0.0041199,-0.013581
-0.077058,0.015106,-0.040436,-0.10086,-0.011444,0.018769,0.0071717,0.0019837
-0.090181,0.0035096,-0.056611,-0.13748,0.015106,0.011139,-0.002594,0.0056458
-0.060883,-0.018158,-0.062715,-0.1387,0.01297,-0.0099184,-0.0053407,0.0019837
-0.035248,0.11582,-0.06302,-0.11765,0.018769,-0.0047303,-0.019684,-0.0050355
-0.040436,0.085603,-0.056001,-0.121,0.016022,-0.0062562,0.0041199,-0.0022889
-0.073091,0.011444,-0.068208,-0.13077,0.019074,0.012055,0.035554,-0.00045777
-0.029145,-0.0096132,-0.068208,-0.14908,0.031891,0.010224,0.019684,-0.009308
-0.011139,-0.019379,-0.046845,-0.14481,0.033722,-0.0010681,0.029755,-0.022126
-0.00045777,-0.051423,-0.028534,-0.14908,0.016632,0.0047303,0.039826,0.013581
0.033112,-0.13687,-0.016938,-0.13107,0.0080873,-0.00076295,0.026093,0.019989
-0.010529,-0.18051,-0.032197,-0.11185,0.013581,0.026703,0.0071717,0.026093
-0.075227,-0.090486,-0.073091,-0.1207,0.012055,0.033112,0.013581,0.033112
-0.033722,-0.013886,-0.078279,-0.1561,0.031586,0.0028992,0.0013733,0.002594
-0.024262,-0.005951,-0.069123,-0.12802,-0.0047303,-0.0010681,-0.0062562,0.013886
-0.024262,0.017548,-0.070649,-0.12161,-0.018158,0.0032044,0.021515,0.046235
-0.022126,0.017853,-0.056001,-0.12772,-0.0028992,-0.0035096,0.013886,0.010529
-0.045319,-0.018463,-0.043793,-0.12039,-0.017243,0.034638,0.0080873,0.0028992
-0.064851,-0.049592,-0.059968,-0.12924,-0.01297,0.036164,0.026093,0.026703
-0.061799,-0.060883,-0.058137,-0.13474,0.002594,0.009308,0.0041199,0.017243
-0.039826,-0.056306,-0.050202,-0.12161,0.0056458,0.014496,0.02121,0.011749
-0.032807,-0.090181,-0.050813,-0.13535,0.019684,0.00045777,0.020294,0.015412
-0.043793,-0.11887,-0.044709,-0.14359,0.019684,-0.0086976,-0.0074769,-0.0053407
-0.061799,-0.085908,-0.063325,-0.14939,0.027008,0.022736,-0.00045777,0.0013733
-0.0086976,-0.060273,-0.062715,-0.15396,0.02121,0.013886,0.015106,0.019074
0.026093,-0.016632,-0.065766,-0.15976,0.022126,-0.0041199,0.0056458,0.0032044
0.019379,-0.01236,-0.06302,-0.14054,0.023651,0.0010681,0.0016785,0.036164
-0.015412,-0.041962,-0.055085,-0.12192,0.005951,0.022126,0.014801,0.070344
-0.020294,-0.02945,-0.067292,-0.1326,0.017548,0.030671,0.009308,0.060273
-0.010529,-0.017548,-0.066987,-0.13474,0.023957,0.031281,0.002594,0.029755
-0.011139,-0.032807,-0.056306,-0.12314,-0.002594,0.015412,0.0016785,0.02884
0.002594,-0.018158,-0.059052,-0.1265,-0.0080873,0.00076295,0.0096132,0.027314
-0.014801,-0.024567,-0.070649,-0.14969,-0.01236,-0.018158,-0.0044251,-0.0032044
-0.070649,-0.066682,-0.053254,-0.12345,-0.024567,-0.016327,-0.015412,-0.00076295
-0.084382,-0.066987,-0.050202,-0.14054,-0.0019837,0.00076295,0.016632,-0.010529
-0.048981,-0.033417,-0.052949,-0.14054,0.0077821,0.015412,0.0013733,-0.030976
-0.010834,-0.017548,-0.056916,-0.1207,-0.0035096,0.032502,0.016938,-0.019684
-0.025788,-0.014496,-0.04593,-0.13321,0.0050355,0.011139,0.02182,0.0077821
-0.046845,-0.0065614,-0.055085,-0.1088,0.0050355,-0.005951,0.0013733,0.016938
-0.050507,-0.016938,-0.068513,-0.14176,0.0096132,0.016022,0.027619,-0.00045777
-0.043488,-0.041962,-0.055695,-0.13993,0.010529,0.030365,0.013886,0.00045777
-0.051423,-0.044709,-0.05478,-0.15915,0.015717,0.016022,-0.0013733,-0.0035096
-0.041047,-0.027314,-0.062409,-0.15335,0.02182,0.0083925,0.0090028,-0.012055
-0.014191,-0.034943,-0.056611,-0.14603,0.010834,0.0077821,-0.0032044,-0.010834
-0.024872,-0.051423,-0.04715,-0.095674,0.0090028,0.0062562,-0.012665,0.0041199
-0.031586,-0.034943,-0.050507,-0.12772,0.025483,0.0022889,-0.010224,0.0071717
0.019379,-0.020905,-0.07126,-0.15854,0.015717,0.0047303,-0.028534,0.012055
0.083772,-0.022126,-0.054475,-0.12985,-0.014191,0.0099184,0.017853,0.055695
0.07187,-0.031891,-0.056306,-0.099641,-0.015412,0.032197,0.051423,0.083772
-0.0071717,-0.014801,-0.063935,-0.12589,-0.0028992,0.013275,0.040436,0.075532
-0.03769,-0.014801,-0.061189,-0.13199,-0.0090028,-0.0016785,0.017853,0.018158
-0.02945,-0.030671,-0.068818,-0.099947,-0.00076295,-0.01297,0.024262,-0.0013733
-0.025483,-0.036774,-0.056916,-0.1384,0.0032044,-0.019074,0.010834,0.0086976
-0.017243,-0.015412,-0.063325,-0.12039,-0.00045777,0.01236,0.011749,0.014801
-0.030365,0.030365,-0.074006,-0.1149,0.011444,-0.0013733,0.017853,0.02182
-0.048371,0.030671,-0.07187,-0.14054,0.023346,-0.0077821,0.0068666,0.0077821
-0.041047,-0.0038148,-0.056611,-0.13657,0.0206,0.00076295,0.0050355,-0.026703
-0.028229,-0.030671,-0.037079,-0.14298,0.022126,0.012665,0.0096132,-0.036774
-0.050813,-0.083467,-0.03006,-0.13962,0.024872,0.0083925,0.005951,-0.030365
-0.050813,-0.13138,-0.045014,-0.17288,0.026093,-0.0028992,-0.0019837,-0.025483
-0.074922,-0.23758,-0.021515,-0.10147,0.014191,0.0038148,0.0077821,-0.029755
-0.083162,-0.14237,-0.042573,-0.078584,0.0041199,0.0032044,-0.0086976,-0.02945
-0.045014,-0.0086976,-0.053864,-0.12528,0.032807,0.012665,-0.0035096,-0.025788
-0.02121,0.0065614,-0.058442,-0.1738,0.027314,0.02884,0.02121,-0.016327
-0.016632,0.011444,-0.078889,-0.15946,-0.010529,0.016022,0.027619,0.0010681
0.00045777,0.0056458,-0.079194,-0.14084,-0.014191,0.0013733,0.014801,0.017548
0.0013733,-0.012665,-0.075837,-0.14908,-0.015106,-0.01297,0.0086976,0.039216
-0.0074769,-0.036164,-0.082551,-0.13931,-0.0083925,0.0028992,0.027008,0.046235
-0.0090028,0.0016785,-0.093538,-0.16007,-0.0010681,0.030976,0.017243,0.015717
-0.11124,-0.076143,-0.062104,-0.13077,-0.0050355,0.046235,0.0041199,-0.0032044
-0.11704,-0.096284,-0.061799,-0.12253,-0.018769,0.027314,-0.00045777,-0.019684
-0.051423,-0.082246,-0.076753,-0.14755,0.0090028,0.00015259,-0.0019837,-0.030671
0.009308,-0.11093,-0.056611,-0.13962,0.019074,0.016327,0.019379,0.00076295
0.025788,-0.15366,-0.019989,-0.10361,0.0028992,0.023346,0.024872,0.025483
0.023346,-0.073701,-0.027924,-0.13291,0.015412,0.0047303,0.010834,0.026093
-0.04593,0.002594,-0.0047303,-0.077058,0.027924,0.0053407,0.0096132,0.022126
0.0099184,0.083772,-0.011749,-0.12711,0.051728,-0.012665,-0.016327,-0.00015259
0.041352,0.10452,-0.06302,-0.12314,0.058442,-0.01297,0.0056458,0.02884
0.0096132,0.11917,-0.078279,-0.12528,0.019989,0.028534,0.010529,0.065156
-0.04715,0.15122,-0.078889,-0.11917,0.015717,0.0047303,-0.011139,0.039216
-0.018158,0.062409,-0.088655,-0.13718,0.021515,-0.0016785,-0.0047303,-0.017243
-0.0050355,-0.025788,-0.059358,-0.13596,0.013886,0.014496,-0.00015259,-0.029755
-0.13138,-0.18662,-0.059358,-0.14176,-0.01236,-0.0080873,0.0099184,-0.0044251
-0.13077,-0.21805,-0.06424,-0.1384,-0.026398,-0.0080873,0.019989,0.0035096
-0.095979,-0.15427,-0.062715,-0.14084,-0.022431,0.014496,-0.013275,-0.0010681
-0.031586,-0.057832,-0.070039,-0.17166,-0.0050355,0.018769,0.005951,0.0013733
-0.02884,-0.02884,-0.055085,-0.12894,-0.018769,0.0038148,0.023041,0.042267
-0.018158,-0.058442,-0.039826,-0.11765,-0.015106,0.010224,0.0041199,0.027314
-0.011139,-0.014801,-0.056611,-0.12863,0.019989,0.010529,-0.0035096,-0.0022889
-0.016938,0.0035096,-0.067903,-0.13046,0.016022,-0.0071717,0.016022,-0.00045777
-0.059663,-0.014496,-0.060273,-0.13291,0.0056458,0.0062562,-0.00045777,0.018158
-0.055695,-0.0068666,-0.058442,-0.14572,0.027619,0.0071717,-0.013275,-0.0074769
-0.024567,-0.002594,-0.053254,-0.12131,0.034028,0.021515,0.002594,-0.023651
-0.048371,-0.058747,-0.053864,-0.13993,0.015717,0.012055,0.021515,-0.012665
-0.043488,-0.092622,-0.081025,-0.15152,0.019074,0.012055,0.01297,0.0096132
-0.033722,-0.065766,-0.095979,-0.13748,0.0090028,0.013275,0.01297,0.027924
-0.044404,-0.009308,-0.08011,-0.14084,0.005951,0.016327,0.019989,0.041657
0.0080873,-0.0062562,-0.067903,-0.13535,0.0056458,0.011444,0.016022,0.031586
-0.015412,-0.03006,-0.054475,-0.12284,0.00076295,0.00015259,0.012055,0.02884
-0.0096132,-0.028534,-0.04654,-0.1384,0.0096132,0.014191,0.0028992,0.022736
0.025483,-0.048371,-0.026093,-0.13169,-0.0022889,-0.0019837,-0.0032044,0.017853
-0.0068666,-0.10147,-0.013581,-0.13504,-0.0071717,0.0013733,0.018158,0.0096132
-0.045319,-0.071565,-0.04715,-0.11307,-0.0086976,0.010224,0.034028,-0.018769
-0.060578,-0.031891,-0.041962,-0.10666,-0.014191,0.020905,0.033722,-0.015106
-0.05478,0.012055,-0.061189,-0.12802,0.0068666,0.0080873,0.00076295,-0.010834
-0.027008,0.051728,-0.092927,-0.1445,0.022736,0.01236,0.01297,-0.009308
-0.015412,0.035248,-0.085908,-0.11948,0.013275,0.015412,0.019684,-0.0028992
-0.0074769,0.051728,-0.077058,-0.14084,0.0077821,0.0099184,-0.0035096,0.0050355
-0.01236,0.057221,-0.0795,-0.12558,0.027008,-0.0032044,0.010834,0.0028992
0.025788,0.035859,-0.053864,-0.12253,0.024872,0.0028992,0.045319,0.015412
0.051423,0.0047303,-0.043793,-0.13199,0.027314,-0.0032044,0.0032044,0.014191
-0.053254,-0.21653,-0.010529,-0.1146,0.02121,0.0068666,0.0096132,0.025788
-0.096284,-0.40421,-0.014801,-0.12711,0.019074,-0.014191,-0.0013733,0.011749
-0.027619,-0.090791,-0.076448,-0.14969,0.011749,0.0044251,-0.009308,-0.013581
-0.019379,-0.005951,-0.077974,-0.14878,0.0019837,0.009308,0.02884,0.0096132
-0.030976,-0.011749,-0.062104,-0.14939,-0.0032044,0.023957,0.015106,0.02121
-0.029755,-0.040436,-0.059358,-0.12253,-0.0019837,0.016022,0.0016785,0.02121
0.017548,-0.089876,-0.068208,-0.14572,-0.0071717,0.038605,0.035554,0.013886
0.050202,-0.010834,-0.072175,-0.15396,-0.018158,0.048066,0.048066,0.034333
0.005951,0.10361,-0.069123,-0.11948,-0.022431,0.0038148,0.030976,0.060578
-0.022736,0.085908,-0.078584,-0.14603,-0.0044251,-0.0068666,0.0028992,0.026093
-0.04654,0.048676,-0.085298,-0.14115,0.015717,0.014191,0.0041199,-0.002594
-0.0795,0.0010681,-0.042573,-0.12284,0.02121,0.0028992,0.015717,-0.002594
-0.070649,-0.075837,-0.050813,-0.12528,0.024262,0.0044251,0.0068666,-0.016938
-0.083772,-0.13596,-0.058442,-0.11063,0.02945,0.0044251,-0.0010681,-0.024872
-0.0795,-0.074617,-0.069429,-0.13077,0.035859,0.0071717,0.00076295,-0.034943
-0.023346,0.04715,-0.044709,-0.14298,0.03769,-0.0016785,0.0016785,-0.044709
-0.050507,-0.079805,-0.010529,-0.12039,0.018158,0.005951,0.0074769,-0.010224
-0.051118,-0.11765,-0.021515,-0.1265,0.027008,0.013275,0.01297,0.0077821
-0.016327,-0.057832,-0.050507,-0.14115,0.015106,0.0099184,0.026703,0.027924
-0.00045777,-0.026703,-0.059358,-0.12741,-0.0013733,0.011444,0.031891,0.056306
-0.0010681,-0.011749,-0.066682,-0.13565,-0.013275,0.022736,0.023957,0.050202
-0.028534,-0.0041199,-0.063935,-0.12955,-0.015717,0.02121,0.019379,0.041047
-0.037079,-0.002594,-0.061799,-0.13199,-0.0074769,0.022736,0.0032044,0.050202
-0.023346,0.0062562,-0.080415,-0.14389,-0.0090028,0.0086976,-0.01297,0.0068666
-0.016632,-0.0074769,-0.067903,-0.13046,-0.0010681,0.002594,0.0050355,-0.0022889
-0.025788,-0.015412,-0.060578,-0.13382,-0.0068666,0.012665,0.015717,0.012665
-0.045624,-0.045319,-0.051118,-0.12711,-0.00045777,-0.014191,-0.0010681,0.0080873
-0.04593,-0.085603,-0.04654,-0.13535,0.025177,-0.019989,0.01297,0.016938
-0.031281,-0.097505,-0.04593,-0.1268,0.020905,-0.0013733,0.027924,0.036774
-0.011139,-0.034638,-0.058137,-0.13169,0.019989,0.018463,0.0047303,0.034943
-0.018158,-0.011749,-0.056916,-0.12589,0.026703,0.028229,-0.0065614,0.021515
-0.022431,-0.023957,-0.058442,-0.12955,0.033417,0.022431,-0.0090028,-0.02884
-0.025788,-0.032197,-0.068818,-0.13291,0.036164,0.015412,0.010834,-0.029145
-0.034333,-0.048371,-0.059358,-0.14481,0.02182,0.023957,0.005951,0.0038148
-0.039826,-0.034333,-0.074311,-0.1384,0.002594,0.018769,0.010834,0.039216
-0.041962,-0.035859,-0.08011,-0.13291,-0.00045777,0.012055,0.022126,0.025177
-0.050813,-0.044099,-0.063325,-0.11154,-0.0065614,-0.0035096,0.024872,-0.0044251
-0.061799,-0.05539,-0.039826,-0.099031,-0.0074769,-0.0047303,-0.0053407,-0.0068666
-0.045319,-0.039826,-0.04593,-0.13169,-0.011444,0.009308,-0.00015259,0.0053407
-0.014801,0.0016785,-0.062104,-0.16373,-0.027008,0.0062562,0.016022,0.013581
-0.022126,-0.025788,-0.046235,-0.12253,-0.027619,0.022126,0.010834,0.031891
-0.05539,-0.047456,-0.074311,-0.099947,-0.0032044,0.010224,0.010834,0.038911
-0.059052,-0.04593,-0.065766,-0.1149,0.039521,0.002594,-0.01297,0.0053407
-0.02884,-0.028534,-0.068818,-0.13901,0.044099,-0.0032044,0.0071717,0.0019837
-0.021515,-0.024262,-0.062715,-0.16007,0.0080873,0.0099184,0.0090028,0.019074
-0.0074769,-0.019684,-0.068208,-0.16495,0.009308,0.028534,0.019379,0.023651
-0.015717,-0.032807,-0.075227,-0.16526,0.025483,0.010529,0.020294,0.0099184
0.0068666,-0.024567,-0.070039,-0.13748,0.028229,0.019989,0.039826,0.0080873
-0.016632,-0.046235,-0.035554,-0.095064,0.027314,0.026703,0.051118,0.02121
-0.027619,-0.046845,-0.044099,-0.14908,0.035248,-0.0047303,0.023957,0.013886
-0.024872,-0.036774,-0.04654,-0.1384,0.040131,-0.01297,-0.014801,-0.023041
-0.048371,-0.083467,-0.040742,-0.11093,-0.0053407,0.0068666,0.0028992,0.021515
-0.015106,-0.058137,-0.042573,-0.11398,-0.0022889,-0.010834,0.019074,0.025483
-0.009308,-0.034638,-0.051118,-0.12558,0.0068666,-0.00015259,0.0019837,0.010834
-0.018158,-0.02945,-0.056306,-0.14694,0.0050355,0.011444,-0.0044251,0.030365
-0.067597,-0.065766,-0.043793,-0.13199,-0.0206,0.0038148,-0.0090028,0.022736
-0.08072,-0.066987,-0.058442,-0.12558,-0.016938,0.015412,0.011139,0.0090028
-0.056916,-0.059968,-0.05417,-0.13748,0.011139,0.0083925,0.010529,0.0035096
-0.0090028,-0.038605,-0.064851,-0.15488,0.0086976,0.0083925,0.0071717,0.0068666
-0.014496,-0.011444,-0.066987,-0.15152,0.0016785,0.01236,0.022736,0.0035096
-0.031586,0.0038148,-0.066072,-0.12161,-0.0028992,0.0022889,0.019989,0.0010681
-0.023041,0.03769,-0.050813,-0.11368,0.0090028,-0.0041199,0.011444,-0.0053407
-0.010224,0.016632,-0.050813,-0.099947,0.018769,0.016632,0.0086976,-0.018463
0.034028,0.011139,-0.068208,-0.1387,0.029755,0.014801,0.009308,-0.040742
0.013886,-0.0083925,-0.066987,-0.14939,0.049897,0.031281,0.0065614,-0.015106
-0.034638,-0.030976,-0.056611,-0.13931,0.020905,0.019379,0.017853,0.022126
-0.024262,-0.037995,-0.06302,-0.15518,0.0206,0.015106,-0.0022889,0.002594
-0.031891,-0.070954,-0.065156,-0.13107,0.010529,0.020905,-0.002594,-0.0047303
-0.021515,-0.067903,-0.059968,-0.12192,-0.009308,0.010224,0.031281,0.0077821
-0.040742,-0.069734,-0.050813,-0.074617,-0.0032044,-0.0071717,0.010529,-0.0065614
-0.051118,-0.06363,-0.052033,-0.1088,0.010834,0.01297,0.0065614,0.011139
0.0053407,-0.014191,-0.067903,-0.15122,0.0080873,0.020905,0.010529,0.019989
0.014191,-0.018769,-0.046235,-0.13107,-0.020294,0.0038148,0.033722,0.046845
-0.04654,-0.049897,-0.045014,-0.099947,-0.027008,0.017243,0.03769,0.069734
-0.026703,-0.015412,-0.058442,-0.14206,-0.00015259,-0.005951,-0.0074769,0.02182
0.021515,0.016022,-0.059052,-0.15518,0.018769,0.0077821,0.0068666,0.02121
0.028229,0.0096132,-0.057832,-0.15976,0.02182,0.015412,0.018769,0.035859
-0.031891,-0.042267,-0.054475,-0.12772,0.023041,0.01297,0.019379,0.0383
-0.078889,-0.14054,-0.04715,-0.13993,0.016022,0.0013733,0.0090028,0.010834
-0.10727,-0.25467,-0.051118,-0.13962,0.018158,0.0053407,0.010834,-0.013581
-0.10239,-0.18845,-0.062104,-0.14878,0.028229,0.0028992,0.00076295,-0.0206
-0.08896,-0.019684,-0.070649,-0.14939,0.026703,0.018158,0.0096132,0.013275
-0.048676,0.053254,-0.074922,-0.13596,0.015106,0.011139,0.015412,-0.0086976
-0.0022889,0.033112,-0.062409,-0.12131,0.0074769,0.023346,0.019379,-0.015412
0.024872,0.10208,-0.057832,-0.11582,0.016022,0.0013733,-0.019074,-0.011139
0.0038148,0.026093,-0.056611,-0.11765,0.010834,-0.0074769,-0.0080873,0.0077821
0.0086976,-0.010834,-0.064851,-0.14542,-0.0086976,0.0044251,0.0090028,0.0206
0.0074769,-0.026093,-0.050507,-0.13169,-0.011139,0.016022,-0.014496,0.0206
-0.0083925,0.002594,-0.063325,-0.11948,-0.0083925,0.0010681,-0.002594,0.022736
-0.028229,0.002594,-0.051728,-0.13962,0.0068666,0.0013733,0.025788,0.048981
-0.03769,-0.0047303,-0.066377,-0.14511,-0.00076295,-0.0028992,0.016632,0.023651
-0.039521,-0.017548,-0.080415,-0.1384,-0.0056458,-0.0071717,0.016938,-0.013275
-0.058747,-0.039826,-0.05417,-0.099947,-0.0010681,0.0041199,0.025788,-0.00045777
-0.038605,-0.081636,-0.05417,-0.13504,0.013581,0.022126,0.0047303,-0.0074769
-0.043488,-0.20035,-0.049897,-0.13718,0.014801,0.010529,-0.00076295,0.012665
-0.023651,-0.13565,-0.056306,-0.16129,-0.0044251,0.009308,0.027008,0.02121
-0.048981,-0.013581,-0.052033,-0.14054,-0.0010681,0.012665,0.033112,0.035859
-0.010529,0.076448,-0.086519,-0.13687,0.0086976,0.014496,0.024872,0.033417
-0.0047303,0.056001,-0.084993,-0.1384,0.023041,-0.005951,-0.0035096,-0.0010681
-0.030976,-0.00076295,-0.040742,-0.13779,0.032807,-0.0013733,-0.0013733,0.019074
-0.049592,-0.035554,-0.041047,-0.13748,0.026703,0.0099184,0.0038148,0.011139
-0.0080873,0.032502,-0.058442,-0.14786,0.011749,0.029145,0.010529,0.0065614
-0.026703,-0.027619,-0.020294,-0.093233,-0.00015259,0.025177,0.019074,0.017853
-0.059052,-0.16464,-0.016632,-0.10391,0.023346,-0.0071717,0.019684,0.01297
-0.037079,-0.22049,-0.033112,-0.10849,0.033417,0.016632,-0.0047303,0.0050355
-0.02884,-0.084993,-0.073396,-0.13779,0.018158,0.01236,-0.0041199,-0.013275
-0.045014,-0.0080873,-0.082246,-0.11765,-0.010529,0.0068666,-0.00015259,-0.0096132
-0.03769,0.0080873,-0.070649,-0.13962,-0.0074769,-0.0050355,0.0053407,0.0053407
-0.0035096,0.025788,-0.072175,-0.12894,0.005951,0.015106,0.015412,-0.010224
-0.00076295,0.0071717,-0.056916,-0.14389,0.0013733,0.037995,0.0010681,0.0065614
-0.011444,-0.020905,-0.05478,-0.14481,0.0019837,0.014191,-0.0041199,0.002594
-0.0086976,-0.019989,-0.060273,-0.13962,0.0019837,-0.0010681,-0.0071717,-0.032807
0.0016785,-0.02182,-0.058137,-0.12436,0.0086976,0.0206,0.017548,-0.017548
0.0016785,-0.0068666,-0.059968,-0.1326,0.013275,0.026093,0.029145,0.02121
-0.030671,0.0016785,-0.070954,-0.12558,0.038911,0.026093,0.0065614,0.033722
-0.034333,-0.033722,-0.076143,-0.13199,0.033722,0.0065614,-0.013581,0.02182
-0.0047303,-0.024872,-0.07248,-0.13962,0.025483,0.0032044,-0.010529,-0.0041199
-0.022736,-0.014191,-0.060578,-0.1207,0.017548,-0.0056458,0.0096132,0.0071717
-0.077363,-0.043793,-0.040131,-0.13596,0.0047303,0.016022,0.03769,0.020905
-0.065461,-0.049592,-0.027008,-0.14084,-0.0013733,0.0083925,0.018769,0.0096132
-0.020905,-0.05478,-0.016022,-0.14908,0.00045777,0.0206,-0.0056458,0.002594
-0.015717,-0.086824,0.0041199,-0.13596,-0.0019837,0.038911,0.032807,-0.0022889
-0.034638,-0.081331,-0.066072,-0.10452,-0.021515,0.023957,0.063935,0.0068666
-0.028229,-0.03006,-0.095064,-0.14786,-0.020905,0.009308,0.027924,0.0053407
0.0028992,-0.03769,-0.08072,-0.15305,-0.0074769,-0.016327,0.0019837,0.02182
-0.019684,-0.058442,-0.046235,-0.12314,-0.012665,0.0038148,-0.0035096,0.042267
-0.024262,-0.042267,-0.04593,-0.11643,0.0080873,0.0010681,-0.0053407,0.013581
-0.014496,-0.0038148,-0.077363,-0.16281,0.047456,-0.033722,-0.0090028,0.0071717
-0.037385,0.002594,-0.085908,-0.16617,0.033722,0.0099184,-0.012665,0.017243
-0.083467,-0.036774,-0.060273,-0.11765,0.013886,0.026703,0.027314,0.035248
-0.070039,-0.056306,-0.032502,-0.10239,0.026093,0.010224,0.034028,0.040436
-0.05478,-0.055695,-0.042267,-0.10513,0.04593,0.015106,0.00045777,-0.0041199
-0.046845,-0.028534,-0.059052,-0.12802,0.047761,0.0044251,-0.0080873,-0.025177
-0.044404,-0.056611,-0.058442,-0.14176,0.031891,-0.0086976,0.0080873,-0.015106
-0.03769,-0.064851,-0.055085,-0.13382,0.023651,-0.0032044,0.0038148,-0.0071717
-0.035248,-0.039826,-0.060883,-0.11734,0.005951,0.023346,0.024872,0.0053407
-0.055695,-0.036469,-0.070039,-0.12467,-0.0065614,-0.0077821,0.012665,0.0019837
0.012055,0.011139,-0.07248,-0.13077,-0.0056458,-0.018158,-0.011444,-0.018158
-0.0032044,0.0010681,-0.056916,-0.12558,-0.014801,0.014496,-0.0086976,-0.0074769
-0.056611,-0.030671,-0.059968,-0.13718,-0.012665,0.0065614,0.009308,0.016022
-0.075532,-0.04654,-0.069429,-0.13321,-0.0068666,-0.0010681,-0.0032044,0.0071717
-0.061494,-0.029755,-0.066377,-0.13687,0.0019837,0.019989,0.012665,0.015717
-0.031281,-0.002594,-0.054475,-0.13107,0.00076295,0.014191,0.026703,0.019684
0.034943,0.012665,-0.08011,-0.16953,-0.0096132,0.0086976,0.0016785,0.0050355
-0.0050355,-0.02182,-0.068513,-0.16861,-0.017548,0.019379,-0.0010681,0.027008
0.009308,-0.046235,-0.055085,-0.14359,-0.0013733,0.010529,-0.00015259,0.03769
0.07126,-0.030671,-0.040436,-0.10086,0.0074769,0.010834,0.016632,0.02884
0.051728,-0.02945,-0.04715,-0.092927,0.013886,0.010834,0.030365,0.071565
-0.05478,-0.056611,-0.078584,-0.13535,0.041962,0.0071717,0.0047303,0.06424
-0.11521,-0.10788,-0.056611,-0.11887,0.026703,0.014496,0.0047303,0.012055
-0.042878,-0.094148,-0.045014,-0.13687,0.016022,0.009308,-0.016327,-0.043183
0.0077821,-0.11551,-0.040436,-0.1149,0.0035096,0.015412,-0.0019837,-0.019684
0.035859,-0.10697,-0.048371,-0.14298,-0.0028992,0.015412,0.0383,0.021515
0.020905,0.026398,-0.063935,-0.13931,0.0047303,0.0047303,0.011444,0.027314
0.0028992,0.12253,-0.093233,-0.13504,0.009308,0.0068666,0.0016785,0.025483
-0.079805,0.067292,-0.08957,-0.11063,-0.0062562,0.018158,0.005951,0.032807
-0.10513,0.077668,-0.078584,-0.12467,-0.0090028,0.018158,-0.0053407,0.0056458
-0.051728,0.054475,-0.066682,-0.15061,0.013886,-0.016938,0.0013733,-0.011444
-0.055085,0.048371,-0.045624,-0.14145,0.0041199,0.018158,0.023041,-0.0010681
-0.014191,0.063325,-0.036164,-0.16983,-0.0047303,0.00076295,0.014801,-0.0074769
-0.057832,-0.20188,0.013275,-0.13443,0.0016785,-0.0038148,0.014191,-0.018463
-0.17075,-0.52079,0.017548,-0.058442,-0.00045777,0.0053407,0.013581,-0.01236
-0.092012,-0.12955,-0.064851,-0.121,0.031891,-0.009308,-0.0044251,-0.085908
0.039826,0.043183,-0.08835,-0.16068,0.043488,0.0065614,0.0016785,-0.068208
0.08011,0.053254,-0.081941,-0.15885,0.02121,0.010529,0.041047,0.027924
0.045319,0.024262,-0.060273,-0.13993,0.02182,0.0099184,0.040436,0.057527
-0.0068666,-0.01236,-0.049897,-0.12863,0.025483,0.012665,0.0019837,0.041352
-0.02945,-0.022126,-0.05417,-0.13901,0.018158,-0.019074,0.00045777,0.022126
-0.027314,0.0056458,-0.056611,-0.1445,0.025177,0.0050355,0.012665,0.02182
-0.019684,-0.00015259,-0.068208,-0.13687,0.0032044,0.042878,-0.0022889,0.019989
-0.073091,-0.04593,-0.057832,-0.13962,-0.0047303,0.019379,-0.00076295,0.030976
-0.026703,-0.10178,-0.070954,-0.14145,-0.0062562,0.013275,0.012055,0.0086976
-0.015106,-0.081331,-0.066072,-0.1387,-0.016632,0.0071717,0.010529,0.0071717
-0.042878,-0.076448,-0.062409,-0.12741,-0.022431,0.010224,0.019989,0.06363
-0.026703,-0.041657,-0.062409,-0.12711,-0.0047303,0.0062562,0.010529,0.0383
-0.025483,-0.026398,-0.066682,-0.12863,0.017243,-0.005951,0.0068666,-0.0041199
0.005951,-0.03006,-0.057832,-0.12528,0.015106,0.0013733,0.0071717,0.002594
-0.022736,-0.052033,-0.052338,-0.12436,0.011444,0.011444,0.0086976,0.0019837
-0.1387,-0.085908,-0.052033,-0.12741,0.014801,0.0050355,0.010529,-0.0013733
-0.11765,-0.066682,-0.051118,-0.11673,0.025177,-0.0010681,-0.02121,-0.043183
-0.03769,-0.041962,-0.04715,-0.12253,0.032197,0.013886,0.005951,-0.02945
0.00076295,-0.040131,-0.063935,-0.13107,0.033417,0.021515,0.015412,-0.0050355
0.052338,0.0041199,-0.07126,-0.13718,0.013275,0.010529,0.027924,0.0035096
0.017853,0.0071717,-0.061799,-0.12039,-0.010529,0.025483,0.034333,0.035248
-0.041657,-0.02884,-0.056306,-0.14786,-0.009308,0.0071717,0.022736,0.031281
-0.074006,-0.005951,-0.075837,-0.15122,0.0056458,-0.0077821,-0.0022889,-0.0096132
-0.029755,0.0032044,-0.074006,-0.15915,-0.0041199,0.01236,0.0019837,-0.011139
-0.013581,-0.013581,-0.059358,-0.13138,-0.0041199,0.016022,-0.0010681,0.017853
-0.037385,-0.051423,-0.047761,-0.082856,0.0041199,0.0062562,0.0019837,0.023957
-0.059663,-0.08011,-0.046235,-0.1207,0.0068666,0.0071717,0.01297,0.013275
-0.062104,-0.086519,-0.049287,-0.13931,0.002594,-0.0050355,0.0080873,-0.009308
-0.040436,-0.07248,-0.055695,-0.13993,0.0047303,-0.0028992,0.025483,-0.016938
0.0065614,-0.0086976,-0.067292,-0.12375,0.013275,-0.0096132,0.0068666,0.0068666
0.011139,0.0032044,-0.07126,-0.14572,0.005951,0.022126,0.012665,0.039521
-0.012055,0.011749,-0.066682,-0.13657,-0.002594,0.024262,0.010529,0.049287
-0.049287,0.019989,-0.065156,-0.12436,0.0035096,0.014191,-0.0062562,-0.0086976
-0.025788,-0.009308,-0.068513,-0.15335,0.0090028,0.017243,0.010529,-0.014191
-0.0032044,-0.025483,-0.06302,-0.13321,0.023346,0.028534,0.027008,0.0053407
0.023041,-0.061494,-0.046235,-0.1387,0.033112,0.025483,0.025483,0.025483
0.0096132,-0.05539,-0.054475,-0.13748,0.033112,0.011139,0.015106,0.054475
-0.016327,-0.0083925,-0.059052,-0.14176,0.0099184,0.019074,0.011444,0.042267
-0.034943,-0.06363,-0.051118,-0.11978,0.0035096,0.010224,-0.00076295,0.014191
-0.07126,-0.11032,-0.051118,-0.10849,0.0065614,0.0050355,0.010529,0.02884
-0.067292,-0.022126,-0.048981,-0.1268,0.0065614,-0.0047303,0.011139,0.0080873
-0.092927,0.0010681,-0.066682,-0.13718,0.019379,-0.0056458,-0.0035096,-0.01297
-0.058747,-0.013581,-0.083467,-0.15763,-0.0065614,0.022431,0.0050355,-0.0019837
-0.0083925,-0.019684,-0.08896,-0.14847,-0.018463,0.027314,0.013581,-0.00045777
0.014191,-0.032807,-0.078889,-0.13504,-0.016938,0.039521,0.035248,0.0206
0.041962,-0.034028,-0.068513,-0.11978,-0.012665,0.023041,0.035859,0.027314
0.017548,-0.030365,-0.04715,-0.12955,0.013275,-0.00076295,0.0053407,0.013275
-0.025788,-0.032807,-0.019684,-0.13443,0.023041,-0.013581,-0.024872,-0.0035096
-0.014496,-0.090486,0.016632,-0.1088,0.024262,-0.02121,-0.017548,-0.019074
-0.01297,-0.12222,0.012055,-0.1149,0.036164,0.00076295,0.026093,-0.019379
-0.029755,-0.1146,-0.058747,-0.14298,0.042267,0.017853,0.016938,-0.0022889
-0.016938,0.10452,-0.10208,-0.14359,0.023346,0.0028992,0.005951,0.011139
0.0019837,0.18021,-0.099641,-0.16159,0.009308,0.01297,0.025483,0.013581
-0.023651,0.10788,-0.089265,-0.14786,0.0065614,0.0099184,0.017548,-0.00045777
-0.070649,0.12528,-0.087434,-0.15732,0.0035096,0.0041199,0.0041199,0.026093
-0.094148,-0.068513,-0.044099,-0.11978,-0.00076295,-0.0016785,0.023651,-0.0068666
-0.070649,-0.18296,-0.013886,-0.11276,-0.0035096,-0.0028992,0.024872,-0.0096132
-0.087434,-0.25071,-0.027619,-0.079805,0.015717,-0.0041199,0.0074769,0.022736
-0.093233,-0.14267,-0.062409,-0.10575,0.018769,-0.0022889,-0.018463,-0.010529
-0.036469,-0.040436,-0.068818,-0.17777,0.013886,0.013886,-0.00076295,-0.012055
-0.067903,-0.045624,-0.039826,-0.12711,-0.030671,0.023957,0.035859,0.049592
-0.022736,-0.047761,-0.058747,-0.14603,-0.0383,0.018769,0.036164,0.044404
-0.00045777,-0.054475,-0.060273,-0.13565,-0.00045777,0.01297,0.015717,0.0050355
-0.030365,-0.084688,-0.049287,-0.13657,0.0047303,0.016938,0.028229,0.015717
-0.030671,-0.044099,-0.062104,-0.14115,0.022126,-0.0050355,0.017243,0.0050355
-0.031586,-0.020905,-0.066072,-0.16678,0.023041,-0.016022,0.0080873,0.009308
-0.019684,-0.034638,-0.068513,-0.1146,0.019379,-0.0074769,0.018158,0.014191
-0.009308,-0.016327,-0.074006,-0.13901,0.030365,0.025483,-0.0071717,0.0041199
0.0035096,-0.014496,-0.082246,-0.14664,0.02884,0.018463,-0.011444,0.013275
-0.019379,-0.058747,-0.062104,-0.12497,0.010529,0.011139,0.02182,0.011749
-0.0065614,-0.074006,-0.04715,-0.11093,0.011139,0.010224,0.0068666,0.00076295
0.053254,-0.013886,-0.035554,-0.121,0.022736,0.0028992,-0.017243,0.0074769
0.0028992,-0.018769,-0.045014,-0.11276,0.010529,0.0028992,0.009308,0.051423
-0.078889,0.019379,-0.070039,-0.13199,0.010834,0.024567,0.0065614,0.041657
-0.103,0.039216,-0.068513,-0.14969,0.0071717,0.012055,-0.0083925,-0.019684
-0.1033,-0.015412,-0.074311,-0.14542,0.0035096,0.010834,-0.014191,-0.034943
-0.052644,-0.050202,-0.070649,-0.13199,-0.0041199,0.00045777,0.0028992,-0.018463
-0.030671,-0.059663,-0.047761,-0.15305,-0.013581,0.0053407,0.029755,-0.0022889
-0.00045777,-0.037385,-0.040131,-0.11887,-0.012665,0.02121,0.019684,0.01297
0.0071717,-0.035859,-0.047761,-0.11246,0.0019837,0.01236,0.019379,0.023346
-0.022126,-0.041352,-0.058137,-0.14145,0.011139,0.010224,0.029755,0.013581
-0.033112,-0.052644,-0.058442,-0.14359,0.014801,0.016938,0.015106,0.014191
-0.038911,-0.041352,-0.042878,-0.13046,0.014191,0.010224,0.012665,0.022736
-0.041962,-0.052949,-0.052338,-0.11032,0.02182,-0.0090028,0.017243,0.019074
-0.0047303,-0.016632,-0.064851,-0.1326,0.048371,-0.016938,0.0096132,-0.002594
-0.0068666,-0.036469,-0.056306,-0.13993,0.041962,0.025483,0.0096132,-0.0062562
-0.024262,-0.027924,-0.060273,-0.13504,0.019074,0.044709,0.0010681,-0.00076295
-0.009308,-0.018769,-0.065766,-0.12558,0.012055,0.0019837,0.0071717,0.0016785
-0.020905,-0.0099184,-0.064851,-0.13107,0.0050355,0.013886,0.019684,0.027008
-0.049592,-0.033722,-0.050507,-0.12161,-0.0062562,0.023041,0.023041,0.005951
-0.054475,-0.048371,-0.050202,-0.1149,0.0013733,-0.0016785,0.0074769,-0.017243
-0.031891,-0.031586,-0.06424,-0.121,0.0050355,-0.0038148,-0.01297,0.018769
-0.010529,-0.030365,-0.072175,-0.13382,0.012055,0.02884,0.0035096,0.011444
-0.012055,-0.030976,-0.067292,-0.12497,-0.012665,0.027924,0.016632,0.030365
-0.0074769,-0.036774,-0.060883,-0.13321,-0.017548,0.017243,0.019074,0.068208
-0.0047303,-0.040742,-0.062409,-0.13779,-0.0010681,0.0086976,0.037385,0.059052
-0.015717,-0.02182,-0.054475,-0.14145,0.012665,0.0022889,0.023041,0.040436
-0.055085,-0.036774,-0.036164,-0.12284,0.0035096,-0.013581,0.018158,0.027924
-0.055085,-0.049592,-0.032502,-0.13748,0.0074769,-0.0074769,-0.0071717,-0.011139
-0.037385,-0.037995,-0.049897,-0.1445,0.023041,-0.010224,-0.0041199,-0.019684
0.051728,0.009308,-0.056306,-0.13535,0.023346,0.016327,-0.0010681,-0.030671
0.05539,0.039216,-0.052949,-0.1384,0.025483,0.0086976,0.0074769,-0.010224
-0.032502,-0.0038148,-0.058442,-0.13474,0.031891,0.014496,0.0010681,-0.0090028
-0.051728,-0.03006,-0.074311,-0.13321,0.039826,0.015106,0.0032044,-0.039826
-0.012055,-0.0022889,-0.08072,-0.15274,0.016938,0.019074,0.014801,-0.024872
-0.016632,-0.026703,-0.061799,-0.13291,-0.0035096,0.01297,0.013886,0.025177
-0.056916,-0.10666,-0.053254,-0.095369,-0.015106,0.01297,0.034333,0.066377
-0.050507,-0.15549,-0.06424,-0.12528,-0.00015259,0.018463,0.022126,0.029145
-0.13931,-0.16983,-0.06302,-0.15152,0.0090028,0.016327,0.026093,0.005951
-0.12528,-0.12345,-0.05417,-0.11734,-0.0071717,-0.0035096,0.032807,0.039826
0.010834,-0.032197,-0.057221,-0.13138,-0.014191,0.015106,-0.00015259,0.027314
0.025177,-0.028534,-0.06424,-0.15854,-0.0032044,0.024872,0.011749,0.044404
0.0032044,-0.023346,-0.062104,-0.15854,-0.002594,0.012665,0.02121,0.049287
-0.010529,0.0016785,-0.06424,-0.14115,-0.0050355,0.0013733,0.0065614,-0.0032044
-0.034638,-0.026398,-0.044099,-0.10971,0.0035096,0.005951,0.0086976,-0.011139
-0.033417,-0.025788,-0.046845,-0.12711,0.027924,0.0065614,-0.0065614,-0.024262
-0.044404,-0.013581,-0.046235,-0.10391,0.035859,-0.0028992,-0.016327,-0.027619
-0.056001,-0.0053407,-0.069123,-0.10391,0.035859,0.023041,-0.0083925,-0.013581
-0.071565,-0.013581,-0.061189,-0.13291,0.036774,0.016327,0.0053407,-0.023346
-0.045014,0.026703,-0.04593,-0.14115,0.010834,-0.0016785,0.011139,-0.0206
-0.039216,0.030671,-0.048371,-0.12436,0.0013733,0.0022889,0.011444,-0.0056458
-0.067903,0.018158,-0.082246,-0.15335,0.016632,0.014801,0.0080873,-0.0035096
-0.08835,-0.038605,-0.058137,-0.14542,0.012665,0.015412,-0.0035096,-0.012055
-0.065156,-0.042267,-0.050202,-0.14084,0.0047303,-0.0019837,0.0041199,-0.0047303
-0.018769,-0.060578,-0.041657,-0.14603,-0.0056458,-0.0035096,0.016632,0.023957
0.017853,-0.16403,-0.03769,-0.13687,-0.0090028,0.014801,0.0090028,0.045624
0.048371,-0.16495,-0.061189,-0.15915,-0.01297,-0.0056458,0.0065614,0.050507
0.016632,-0.10697,-0.07126,-0.14572,0.0013733,0.0053407,0.032807,0.033417
0.025788,0.02182,-0.082551,-0.13321,0.0050355,0.031586,0.019379,0.035554
0.012055,0.11429,-0.074311,-0.12741,0.0047303,0.0010681,0.019684,0.045014
-0.023346,0.11978,-0.081941,-0.13474,0.0071717,0.002594,0.002594,0.041657
0.014191,0.033417,-0.048066,-0.11978,0.010834,0.020905,-0.0047303,0.037079
0.043183,-0.07187,-0.026398,-0.13565,0.033722,0.032807,0.0080873,0.03769
-0.013275,-0.066682,-0.040436,-0.11887,0.025483,0.013886,0.016938,0.050202
-0.059968,0.026093,-0.046235,-0.12589,0.023957,0.020905,0.0065614,0.027924
-0.041962,-0.020294,-0.040131,-0.12528,0.045624,0.015412,-0.0010681,-0.00045777
-0.072786,-0.094148,-0.046845,-0.11093,0.033112,0.0062562,0.016632,-0.013275
-0.11612,-0.13352,-0.05478,-0.11337,0.019379,0.01297,0.0050355,-0.036469
-0.081331,-0.13382,-0.088045,-0.13779,0.022736,-0.016938,-0.019379,-0.059663
-0.064546,-0.02884,-0.080415,-0.15061,0.024262,-0.012665,-0.0032044,-0.045319
-0.035554,-0.016022,-0.06424,-0.15732,-0.011444,0.0062562,0.019989,-0.0035096
-0.025483,-0.02182,-0.067903,-0.14939,-0.017243,0.00045777,0.011444,0.016022
0.0013733,-0.0077821,-0.048371,-0.1146,-0.0090028,0.0065614,0.023346,0.041657
0.0035096,-0.0035096,-0.034638,-0.11917,-0.015717,0.032502,0.034028,0.030365
-0.0080873,-0.062715,-0.052338,-0.12284,-0.027314,0.034028,0.056306,0.060273
0.0028992,-0.046845,-0.067903,-0.14603,0.0016785,0.019989,0.045624,0.037079
-0.013581,-0.036774,-0.062104,-0.11734,0.0032044,0.0065614,0.03006,0.046235
-0.034943,-0.033722,-0.066072,-0.14511,0.011749,-0.010224,0.0047303,0.02945
-0.045624,-0.023346,-0.069123,-0.1384,0.022126,-0.010834,-0.0080873,-0.0047303
-0.068208,-0.016938,-0.058747,-0.13474,0.035248,0.0032044,-0.0044251,-0.01236
-0.02884,-0.051423,-0.049897,-0.13748,0.037995,0.0038148,0.0080873,-0.013581
-0.019379,-0.053559,-0.056611,-0.14694,0.031281,0.022736,0.0096132,-0.0083925
-0.033722,-0.030976,-0.070954,-0.14603,0.023651,0.011444,-0.0050355,-0.0035096
-0.056001,-0.063935,-0.050202,-0.1149,0.015106,-0.0032044,0.009308,-0.0047303
-0.043183,-0.052033,-0.048371,-0.11032,0.017548,0.00015259,0.023651,0.014801
-0.0044251,-0.024567,-0.068818,-0.14786,0.015106,0.012055,0.015106,0.0032044
-0.016632,-0.035859,-0.068208,-0.12772,0.00045777,0.024872,0.023651,0.016632
-0.030365,-0.027619,-0.050813,-0.14481,-0.019074,0.02121,0.019379,0.005951
-0.0083925,-0.018769,-0.027924,-0.10086,-0.012055,-0.0038148,-0.011139,-0.029755
-0.020294,-0.018769,-0.051118,-0.098421,-0.015106,0.0022889,-0.024872,-0.017243
0.0071717,-0.002594,-0.094453,-0.12528,-0.015412,-0.0032044,0.0077821,-0.021515
-0.015106,-0.0028992,-0.092622,-0.14359,0.012055,0.0068666,0.011749,-0.0071717
-0.035859,-0.014496,-0.073091,-0.13565,0.0053407,0.0077821,0.014191,0.0206
-0.024872,-0.0086976,-0.061189,-0.13718,0.00076295,0.00045777,0.013581,0.002594
-0.028229,-0.020905,-0.043793,-0.14054,0.019074,0.023041,-0.0050355,0.0056458
-0.033112,-0.041352,-0.011749,-0.14176,0.019989,0.03006,-0.00076295,0.018769
-0.033112,-0.097505,0.017243,-0.13291,0.012665,0.014191,0.0038148,0.0206
0.010529,-0.090791,-0.036164,-0.13474,0.023957,0.016938,0.019379,0.043793
0.0080873,-0.035859,-0.070649,-0.13535,0.033722,0.0041199,0.027924,0.033722
-0.038911,-0.056611,-0.051728,-0.11276,0.015106,-0.0028992,0.012055,0.033417
-0.075532,-0.054475,-0.060883,-0.13138,0.0206,0.015106,-0.0028992,0.010834
-0.074922,-0.046235,-0.070954,-0.11307,0.022126,0.024262,-0.011444,-0.0074769
-0.070039,-0.030365,-0.065156,-0.1326,0.010834,0.011139,-0.0035096,-0.020294
-0.043183,-0.0080873,-0.077974,-0.15702,0.016022,0.0038148,0.015717,-0.030976
-0.032502,-0.014191,-0.070649,-0.13779,-0.0032044,0.0041199,0.017853,0.0010681
-0.037385,-0.042573,-0.059968,-0.11307,-0.021515,-0.0035096,0.020905,0.0206
0.005951,-0.052644,-0.04654,-0.13504,-0.0086976,0.0053407,0.014191,0.027619
0.0096132,-0.036469,-0.061189,-0.14176,-0.002594,0.018463,0.014801,0.032807
0.044099,0.025788,-0.077363,-0.15732,-0.0071717,0.0383,0.0028992,0.044404
0.026703,0.0053407,-0.055085,-0.14755,-0.011139,0.026398,-0.0065614,0.041352
-0.01297,0.0032044,-0.056306,-0.14542,-0.0028992,-0.012055,0.016632,0.047761
-0.051118,-0.028229,-0.04715,-0.13993,0.015717,-0.014191,-0.0071717,0.019684
-0.052949,-0.026093,-0.044404,-0.11582,0.020905,0.019074,-0.0050355,0.016632
-0.028534,0.0044251,-0.055695,-0.099336,0.023346,0.020905,0.011139,-0.0041199
-0.023346,-0.030671,-0.061799,-0.13199,0.035248,0.002594,-0.0032044,0.00076295
-0.041352,-0.08957,-0.058747,-0.13779,0.037995,0.01236,0.020294,0.0056458
-0.042878,-0.076753,-0.066987,-0.13779,0.020905,-0.0053407,0.0074769,0.019379
-0.0028992,-0.05417,-0.068818,-0.15763,0.010834,0.015412,0.016022,0.045624
-0.013581,-0.034028,-0.070344,-0.1326,0.012665,0.0028992,0.013886,0.0383
-0.08896,-0.11826,-0.048981,-0.096284,-0.010529,0.0044251,0.011139,0.045014
-0.099641,-0.18936,-0.046235,-0.13993,-0.00015259,0.016632,-0.0096132,0.0038148
-0.099641,-0.18601,-0.041657,-0.1384,0.0028992,-0.00015259,-0.0074769,0.002594
-0.075837,-0.060273,-0.057221,-0.12924,-0.017548,-0.0090028,0.03006,0.040436
-0.02945,0.068208,-0.064851,-0.15579,-0.0035096,-0.0038148,0.017853,0.020905
-0.031281,0.065461,-0.068513,-0.14206,0.0074769,-0.0010681,0.011139,0.016938
-0.05539,0.016632,-0.064546,-0.10178,-0.0019837,0.0062562,0.0068666,0.012055
-0.1033,0.014191,-0.045624,-0.099336,0.0056458,0.018769,-0.0044251,-0.02884
-0.064546,0.011139,-0.072786,-0.14603,0.026093,0.024567,-0.009308,-0.072786
-0.028534,-0.017548,-0.076143,-0.14115,0.014801,0.014496,-0.018769,-0.055085
-0.0010681,-0.027924,-0.060578,-0.14267,0.0074769,0.030976,0.010529,-0.0096132
0.07126,-0.029755,-0.063935,-0.17533,0.0065614,0.023346,0.013581,0.0032044
0.1387,-0.015717,-0.062104,-0.18509,0.013581,0.015412,0.032807,0.019074
0.043793,-0.068208,-0.049287,-0.13138,0.0013733,0.034028,0.045014,0.052338
-0.067903,-0.077363,-0.018463,-0.044404,-0.00076295,0.028229,0.014801,0.062104
-0.050813,-0.027619,-0.06302,-0.11582,0.038911,0.0047303,-0.018158,-0.010529
-0.030365,-0.009308,-0.068513,-0.14511,0.034943,0.022736,0.0053407,-0.018769
-0.045319,-0.038911,-0.050813,-0.13565,-0.0074769,0.010224,0.03769,0.017853
-0.067292,-0.046235,-0.052644,-0.11734,-0.0065614,0.00045777,-0.00045777,0.013581
-0.041657,-0.019684,-0.075227,-0.12589,0.02121,0.005951,0.0013733,-0.0010681
0.03006,-0.017548,-0.060883,-0.13535,0.0074769,-0.0080873,0.02121,0.018158
0.1091,-0.09659,-0.047761,-0.13382,-0.0050355,-0.0022889,0.022126,0.056306
0.0096132,-0.15488,-0.052949,-0.14084,-0.0080873,0.0013733,0.033417,0.08835
0.018769,-0.10575,-0.063325,-0.14878,-0.0047303,-0.0032044,0.035248,0.078584
0.0047303,0.011444,-0.058442,-0.11795,-0.0047303,-0.014801,0.025177,0.040436
-0.020294,0.054475,-0.066072,-0.099031,0.010529,-0.009308,0.0074769,-0.0083925
-0.049897,0.098116,-0.070649,-0.1265,0.034333,-0.0074769,-0.0062562,-0.033417
-0.11643,0.10575,-0.052644,-0.12741,0.036774,0.0077821,-0.010834,-0.037079
-0.08957,-0.026398,-0.050813,-0.15,0.049897,-0.0062562,-0.014801,-0.063935
-0.057527,-0.10971,-0.040131,-0.11948,0.0383,0.0080873,-0.0019837,-0.050507
-0.024872,-0.070344,-0.058442,-0.12528,0.017243,0.022431,0.00076295,-0.031891
-0.024567,-0.06363,-0.065156,-0.1326,0.029755,0.012055,0.00076295,-0.018463
-0.061189,0.0041199,-0.074617,-0.13474,0.0099184,0.010529,0.011444,-0.0050355
-0.044404,0.051118,-0.064851,-0.11978,-0.0053407,0.002594,0.022126,-0.013275
-0.023651,0.066072,-0.050202,-0.11917,-0.014191,0.00076295,0.02121,0.011444
-0.017548,0.021515,-0.062104,-0.16556,-0.022126,0.01236,0.02945,0.040436
-0.032807,-0.037995,-0.053864,-0.14725,-0.014496,0.0206,0.020905,0.052338
-0.046845,-0.082551,-0.04593,-0.13077,-0.037385,0.0083925,0.0019837,0.042267
-0.075837,-0.20249,-0.041657,-0.13321,-0.02884,0.012055,-0.0062562,0.019379
-0.089876,-0.27573,-0.041657,-0.1146,-0.012055,0.013275,0.011444,0.0077821
-0.038605,-0.098116,-0.068818,-0.15061,0.0099184,-0.016938,0.0090028,-0.0062562
-0.013275,-0.027314,-0.072786,-0.14328,0.016632,-0.012055,0.0071717,-0.0068666
0.0056458,-0.0013733,-0.066377,-0.14298,0.00076295,0.014191,0.0080873,0.0010681
-0.013275,0.0047303,-0.058747,-0.13382,0.005951,0.024567,0.0050355,0.013886
0.031281,-0.0074769,-0.065766,-0.11734,0.010529,0.02884,0.017853,-0.0041199
0.012055,-0.046845,-0.053864,-0.13077,0.034943,0.0013733,-0.0056458,-0.010224
-0.036469,-0.08896,-0.030365,-0.11124,0.046845,-0.0016785,-0.010224,-0.0053407
-0.04593,-0.046235,-0.062715,-0.13993,0.043488,0.0086976,0.013275,0.011139
-0.041352,-0.037995,-0.066682,-0.10758,0.015717,0.041657,0.036774,0.033112
-0.02884,-0.037385,-0.050202,-0.089265,0.014801,0.012665,0.028229,0.033722
-0.039521,-0.0038148,-0.072175,-0.13962,0.037079,0.021515,0.0019837,0.0071717
-0.083162,0.033722,-0.088655,-0.14694,0.0071717,0.04654,0.028229,0.024872
-0.029145,0.042267,-0.074922,-0.14481,-0.0035096,0.012055,0.018158,0.0019837
0.0028992,0.024567,-0.066987,-0.12741,-0.018769,-0.0074769,0.0047303,-0.0035096
-0.0010681,-0.045624,-0.04715,-0.12863,-0.023346,-0.0074769,0.0090028,0.011139
-0.019379,-0.084382,-0.03769,-0.11368,-0.014191,0.0099184,-0.015717,-0.016938
-0.026703,-0.093538,-0.031891,-0.12375,-0.014496,0.0080873,-0.010224,-0.022736
-0.04715,-0.078889,-0.027619,-0.11734,-0.0028992,-0.00015259,0.019989,-0.0074769
-0.05478,-0.068513,-0.040131,-0.14786,-0.00076295,0.009308,-0.0090028,0.014191
-0.024872,-0.049592,-0.069123,-0.14664,0.011139,-0.00015259,0.0099184,0.012055
-0.049592,-0.040742,-0.069429,-0.13474,0.02121,0.0065614,0.016632,-0.0083925
-0.022126,-0.015412,-0.062104,-0.1265,0.025788,0.011444,0.0019837,-0.026703
0.014191,0.014496,-0.068818,-0.13718,0.031891,0.0053407,0.0080873,-0.012055
0.010529,0.0083925,-0.054475,-0.14511,0.033722,-0.0099184,0.030976,0.026703
0.019074,-0.013581,-0.05478,-0.13687,0.010834,0.005951,0.022126,0.032807
-0.02945,-0.018769,-0.060578,-0.12772,0.013275,0.0206,0.014191,0.025177
-0.049287,-0.03769,-0.065766,-0.1387,0.015412,0.0080873,0.015106,0.025788
-0.044709,-0.023346,-0.068208,-0.15122,0.0074769,0.025177,-0.01236,0.00076295
-0.02945,-0.014801,-0.056001,-0.13901,0.00076295,0.019379,0.0065614,0.0074769
-0.00015259,-0.0083925,-0.068818,-0.14511,-0.019074,0.012665,0.010529,0.016938
-0.025177,-0.033417,-0.061189,-0.11948,-0.024872,-0.0028992,0.012055,0.035859
-0.049592,-0.039521,-0.062104,-0.13046,-0.00076295,-0.0028992,-0.00076295,0.02884
-0.043183,-0.045319,-0.056916,-0.13962,0.015717,0.0083925,0.0050355,0.0041199
-0.039216,-0.062104,-0.041962,-0.16342,0.017548,0.018769,0.0056458,-0.00076295
-0.034943,-0.075532,-0.046845,-0.16861,0.0013733,0.016022,0.00045777,0.012055
-0.025788,-0.060578,-0.067292,-0.14542,0.002594,0.0010681,-0.00045777,-0.01297
-0.031586,-0.042267,-0.060883,-0.1146,0.00076295,0.00045777,0.010834,-0.002594
-0.065766,-0.016632,-0.052033,-0.11795,0.017243,0.010224,-0.00076295,0.0028992
-0.063935,-0.015412,-0.046845,-0.12741,0.037079,0.0022889,-0.0056458,-0.017243
-0.038605,0.0032044,-0.066072,-0.15579,0.049287,-0.0080873,0.0010681,-0.02121
-0.030976,-0.032502,-0.07187,-0.1326,0.035248,0.002594,0.0010681,-0.0068666
-0.034638,-0.14176,-0.058747,-0.12558,0.01297,0.010834,0.021515,0.017853
0.013581,-0.070344,-0.060578,-0.11704,0.0090028,0.005951,0.020294,0.011139
0.0090028,0.037385,-0.068513,-0.14755,0.018769,0.010529,0.022736,0.0056458
-0.033417,0.0383,-0.052949,-0.12589,-0.00015259,0.0206,0.026093,0.039521
-0.056916,-0.0044251,-0.0383,-0.11337,-0.0086976,0.014801,0.034028,0.041657
-0.053254,-0.0022889,-0.035859,-0.11398,0.0010681,-0.016022,0.019379,0.045014
-0.019684,-0.0065614,-0.064851,-0.1384,0.00076295,-0.019074,-0.014801,0.023651
-0.009308,-0.0053407,-0.076753,-0.12894,-0.0065614,0.0028992,0.013581,0.012055
-0.02121,-0.010224,-0.090181,-0.16983,-0.0068666,0.017243,0.010834,0.027008
-0.023041,-0.026703,-0.069429,-0.15457,-0.011444,0.016938,0.019074,0.026093
-0.043183,-0.098421,-0.025788,-0.084688,-0.002594,0.032502,0.024262,0.019684
-0.0090028,-0.17624,-0.046235,-0.10178,0.026093,0.0032044,0.009308,-0.012665
-0.041962,-0.10391,-0.063325,-0.14267,0.040436,-0.0074769,0.01297,0.0016785
-0.061494,-0.034638,-0.070649,-0.14908,0.012055,0.0013733,0.023651,0.029145
-0.049592,0.012055,-0.060578,-0.10941,0.0016785,0.0032044,0.012055,-0.019074
-0.053864,-0.013581,-0.067903,-0.13748,0.027619,0.015106,-0.013275,-0.017548
-0.036469,-0.0074769,-0.062715,-0.14847,0.032197,0.037079,0.0019837,0.002594
0.035554,-0.0096132,-0.052644,-0.14664,0.0074769,0.0013733,0.019684,0.009308
0.054475,-0.026093,-0.045014,-0.12589,-0.0028992,0.0062562,0.016938,0.015412
-0.0041199,-0.095674,-0.02884,-0.11673,-0.0065614,0.0028992,0.022126,0.018158
-0.060883,-0.10422,-0.054475,-0.1326,0.0028992,0.0022889,0.022126,0.017548
-0.028534,-0.014496,-0.10147,-0.19669,0.0099184,0.01297,0.0016785,-0.036469
-0.066987,-0.11276,-0.074922,-0.15579,-0.033417,0.030671,0.027008,0.0074769
-0.10056,-0.1146,-0.052644,-0.1326,-0.035554,0.0206,0.029145,0.044404
-0.12009,-0.044099,-0.030671,-0.11978,0.0010681,0.018769,0.0019837,-0.010834
-0.049897,0.011444,-0.060578,-0.13931,0.013886,0.0028992,-0.0041199,-0.030365
-0.095979,-0.059663,-0.040131,-0.084993,0.016022,0.00076295,0.019989,-0.0083925
-0.11551,-0.10788,-0.019074,-0.069123,0.022126,0.0050355,0.0086976,0.019989
-0.0065614,-0.019379,-0.029145,-0.091707,0.045014,-0.011444,0.0068666,-0.0086976
0.087739,0.03006,-0.07187,-0.14084,0.043793,0.010529,0.01297,0.020905
0.096895,0.02182,-0.072786,-0.15702,0.023651,0.011444,0.027924,0.074617
0.031281,0.01236,-0.082856,-0.15335,0.023041,0.015106,0.026093,0.090486
-0.045014,-0.033722,-0.068513,-0.11887,0.022126,0.01297,0.0028992,0.071565
-0.050507,-0.0056458,-0.094759,-0.12558,0.026703,0.015106,0.025483,0.026093
0.0010681,0.036469,-0.091096,-0.13291,0.026093,0.016632,0.026093,-0.0056458
-0.0044251,0.0071717,-0.057221,-0.12589,0.0068666,0.015106,0.017853,0.017853
-0.015717,-0.0080873,-0.048066,-0.11368,0.0010681,0.023041,0.020294,0.017853
0.0016785,-0.034943,-0.03006,-0.12467,-0.0041199,0.022736,0.010529,-0.01236
-0.033112,-0.067903,-0.0028992,-0.12894,-0.017548,0.005951,0.0056458,-0.0068666
-0.057527,-0.063935,-0.029145,-0.12955,-0.019684,0.0041199,0.0047303,-0.0086976
-0.060883,-0.02182,-0.057832,-0.1561,-0.012665,0.0083925,-0.0013733,-0.013581
-0.059968,-0.020905,-0.066377,-0.14878,-0.012665,0.0071717,-0.018769,0.0010681
-0.036774,-0.0083925,-0.070954,-0.14664,-0.0090028,-0.010834,0.0065614,-0.0080873
-0.025177,-0.0206,-0.072786,-0.13993,0.0068666,-0.011749,0.0056458,-0.00076295
0.0041199,-0.058137,-0.072175,-0.12741,0.020905,0.002594,0.0090028,0.0065614
-0.018463,-0.13046,-0.062715,-0.13901,0.023346,0.0053407,0.016938,0.0047303
-0.012055,-0.088655,-0.058442,-0.14725,0.011444,-0.0028992,0.016022,0.019074
0.011139,-0.057832,-0.059052,-0.13138,0.02182,-0.0010681,0.02945,0.026093
-0.016632,-0.048066,-0.057221,-0.10758,0.027924,0.014191,0.0041199,0.036774
-0.0383,-0.042878,-0.052033,-0.1326,0.026093,0.035248,-0.0035096,0.041657
-0.016632,-0.0096132,-0.064851,-0.14969,0.017548,0.0038148,0.0010681,0.027924
-0.0080873,-0.0038148,-0.066682,-0.14755,0.013275,-0.0071717,0.011749,0.026093
-0.040742,-0.019684,-0.06302,-0.13565,0.0206,0.014801,-0.0047303,0.0090028
-0.075837,-0.035554,-0.04715,-0.10636,0.02121,0.025483,0.0038148,-0.0032044
-0.061494,-0.039521,-0.058747,-0.12985,0.010834,0.035554,0.023041,0.0019837
-0.038911,-0.030671,-0.061799,-0.13535,0.0019837,0.0083925,0.010834,-0.011139
-0.045014,-0.026398,-0.055695,-0.14542,-0.024567,0.017243,0.017243,0.019989
-0.038605,-0.033722,-0.05478,-0.12558,-0.019684,0.026398,0.053864,0.012055
-0.041657,-0.038605,-0.055085,-0.13901,-0.00045777,-0.0086976,0.028229,0.0053407
-0.018769,-0.028229,-0.065156,-0.13718,0.010834,-0.0053407,-0.0035096,0.0041199
0.0016785,-0.034943,-0.066377,-0.15183,0.011139,-0.0062562,0.023651,-0.0090028
0.015106,-0.026703,-0.059358,-0.14481,0.013886,0.012665,0.034333,-0.0083925
0.030365,-0.030976,-0.056916,-0.14878,0.019989,0.02945,0.016938,0.013581
0.015412,-0.03006,-0.052644,-0.12039,0.018769,0.022736,0.016022,0.025483
-0.0035096,-0.041352,-0.048066,-0.14603,0.02121,0.0099184,-0.0050355,0.0041199
-0.020905,-0.037385,-0.04715,-0.13352,0.030365,0.024567,-0.0022889,0.0074769
-0.047761,-0.016632,-0.043183,-0.095674,0.027619,0.022431,-0.0022889,0.0074769
-0.085908,-0.048066,-0.061799,-0.11368,0.016938,0.014496,-0.0206,-0.017243
-0.103,-0.15366,-0.037079,-0.13138,0.0206,0.023346,-0.026703,-0.011444
-0.057832,-0.11185,-0.041047,-0.13169,0.0032044,0.03006,-0.0096132,-0.00045777
-0.045319,0.0096132,-0.069123,-0.12955,-0.011139,0.0038148,0.013275,-0.010834
-0.074006,0.044099,-0.07187,-0.12589,-0.0056458,0.009308,0.009308,-0.0080873
-0.034943,0.017853,-0.062715,-0.1207,-0.00076295,0.0090028,0.026093,0.018158
0.0090028,-0.0035096,-0.038605,-0.12955,-0.0022889,-0.0038148,0.024872,-0.0010681
-0.028534,-0.030365,-0.066072,-0.15549,-0.0053407,-0.0019837,0.012665,0.018158
-0.038911,-0.052338,-0.058442,-0.15549,-0.0041199,0.0062562,0.037079,0.036774
-0.020294,-0.040131,-0.059052,-0.12802,0.0010681,-0.00015259,0.041657,-0.0013733
-0.021515,-0.02884,-0.067292,-0.12863,0.017548,-0.0038148,0.016022,-0.0019837
-0.0047303,-0.031586,-0.064546,-0.13535,0.02945,0.00076295,0.0090028,0.011749
-0.0083925,-0.026703,-0.056306,-0.1088,0.024872,0.027314,-0.0206,0.024262
-0.030671,-0.013581,-0.052949,-0.10239,0.033417,-0.0013733,-0.010224,0.033112
-0.041047,-0.041352,-0.058747,-0.13138,0.034333,-0.00076295,-0.010529,0.015412
-0.02945,-0.048371,-0.056306,-0.14267,0.027314,0.019074,0.0032044,-0.0090028
-0.019684,-0.029755,-0.058442,-0.15061,0.010834,0.019989,0.011139,0.011749
-0.039216,-0.010224,-0.063935,-0.16892,-0.0068666,0.020905,0.014191,0.026703
-0.02884,-0.01236,-0.062715,-0.13657,-0.0074769,0.018158,0.041657,0.037079
-0.018463,-0.044709,-0.053864,-0.12528,-0.01297,0.016022,0.014191,0.0074769
-0.018463,-0.048981,-0.057832,-0.12894,-0.018463,0.026398,0.00076295,-0.0062562
-0.032502,-0.043488,-0.060578,-0.11917,-0.011444,0.014191,-0.0068666,-0.0080873
-0.041352,-0.045624,-0.069123,-0.13382,-0.0071717,-0.0035096,0.0065614,0.015106
-0.064546,-0.062104,-0.074922,-0.13535,-0.0086976,-0.0062562,0.002594,0.044404
-0.081025,-0.084993,-0.065156,-0.13504,-0.0028992,-0.02182,0.010834,0.036164
-0.0044251,-0.073701,-0.04715,-0.1326,-0.00045777,-0.0019837,0.037385,0.042267
0.033417,-0.037385,-0.051728,-0.12924,0.02121,0.012665,0.013886,0.019684
0.023346,0.011444,-0.049287,-0.14542,0.029755,0.021515,-0.0044251,0.0013733
0.019684,0.04593,-0.060273,-0.15671,0.026093,0.022736,0.0071717,-0.015106
-0.037385,0.011139,-0.04593,-0.12802,0.0096132,0.016022,0.027314,-0.0032044
-0.053559,-0.013886,-0.05478,-0.099031,0.019074,-0.010834,0.016938,-0.009308
-0.025788,-0.0068666,-0.070039,-0.11398,0.051728,-0.015717,0.010834,-0.041962
-0.044709,-0.017548,-0.048676,-0.11978,0.031891,0.0068666,0.020294,-0.018158
-0.078279,-0.052338,-0.047761,-0.12863,0.013886,0.020294,0.016938,0.018769
-0.049592,-0.16892,-0.048676,-0.13077,0.01297,0.023957,0.0056458,0.015412
0.011749,-0.13138,-0.063325,-0.15488,0.0050355,0.020905,0.0010681,0.013581
-0.030976,-0.090791,-0.060883,-0.14176,-0.0096132,0.033417,0.020294,0.058137
-0.034333,-0.030365,-0.056611,-0.11673,-0.0062562,0.0047303,0.011444,0.051728
-0.05478,-0.023957,-0.060883,-0.13474,0.0086976,0.00045777,-0.0086976,0.00076295
-0.051423,-0.031891,-0.070039,-0.12955,0.00045777,-0.0038148,-0.0044251,-0.015717
-0.059052,-0.034638,-0.061799,-0.13046,-0.0086976,0.0083925,0.0032044,-0.019684
-0.02884,-0.022431,-0.075227,-0.14786,-0.0071717,0.01297,-0.0013733,-0.0062562
-0.020294,-0.0077821,-0.07248,-0.16129,0.00076295,-0.00076295,0.0056458,-0.00045777
0.005951,0.017853,-0.060578,-0.16556,0.0050355,-0.018158,0.0010681,-0.015106
0.020905,0.039216,-0.05478,-0.13901,0.016022,0.0065614,0.0065614,-0.0032044
0.0010681,0.0044251,-0.051118,-0.10147,0.0096132,0.017243,0.017548,0.0053407
-0.0044251,-0.0047303,-0.048066,-0.099947,0.018769,0.0065614,0.013886,-0.0047303
0.019074,-0.009308,-0.049287,-0.14084,0.044099,0.0077821,-0.015717,-0.028534
-0.041657,-0.032807,-0.067903,-0.13504,0.034943,0.026703,-0.010834,-0.014801
-0.037385,-0.058747,-0.068208,-0.11582,0.015412,0.023041,0.016938,-0.00015259
-0.081025,-0.12833,-0.049897,-0.14084,0.009308,0.022431,0.014191,0.0056458
-0.10788,-0.18936,-0.037079,-0.13504,0.0028992,0.022126,0.02182,0.034333
-0.089265,-0.19242,-0.034943,-0.1088,-0.0053407,0.019379,0.0096132,0.031586
-0.085908,-0.089876,-0.056001,-0.15122,0.011444,0.01236,0.0056458,0.031891
-0.022431,0.035554,-0.059968,-0.168,0.019989,0.015412,0.0013733,0.019989
0.014801,0.068208,-0.066987,-0.11887,-0.009308,0.025483,0.034943,0.046845
0.017853,0.10239,-0.092927,-0.10544,-0.027619,-0.00015259,0.042267,0.088045
-0.0056458,0.077363,-0.074922,-0.1091,-0.0028992,-0.02121,0.022126,0.061494
-0.029145,0.095369,-0.081941,-0.14878,0.022126,-0.011444,-0.01297,0.033722
-0.012055,-0.03006,-0.061189,-0.15793,0.02182,0.0068666,0.017853,0.018769
-0.0056458,-0.093843,-0.022126,-0.11276,0.00076295,0.018463,0.032807,0.035554
-0.022736,-0.061799,-0.012055,-0.10147,0.011749,0.0044251,0.025483,0.045624
-0.018158,-0.07248,-0.025483,-0.13474,0.044099,-0.0096132,-0.0056458,-0.0071717
-0.016938,-0.014801,-0.058442,-0.13931,0.025788,-0.0013733,-0.014496,-0.016938
-0.0041199,0.035554,-0.086824,-0.14847,0.015717,0.017853,-0.0090028,-0.0019837
-0.023346,0.01236,-0.084077,-0.15091,0.015106,0.0044251,0.0053407,-0.0013733
-0.0028992,-0.0068666,-0.08072,-0.15,0.014801,-0.0099184,0.010834,0.01297
-0.020294,-0.042573,-0.058137,-0.14328,0.0013733,0.0068666,0.0050355,0.012665
-0.04593,-0.094453,-0.032197,-0.11978,-0.0010681,0.018463,-0.002594,-0.0047303
-0.034943,-0.14389,-0.034943,-0.13565,0.0050355,0.0032044,0.016938,0.011139
-0.050813,-0.20798,-0.040436,-0.121,-0.013275,0.017853,0.012055,0.010529
-0.059052,-0.12039,-0.044099,-0.10666,-0.026398,0.027314,0.017853,0.0032044
-0.040742,-0.009308,-0.058442,-0.10056,-0.010224,-0.011749,0.013581,-0.009308
-0.024567,0.051728,-0.070649,-0.11124,0.0090028,0.0065614,0.011444,-0.012665
-0.0096132,0.039826,-0.073396,-0.12314,0.0035096,0.0071717,0.0019837,-0.0074769
-0.00076295,0.039216,-0.069123,-0.15183,-0.00015259,-0.00076295,0.0053407,-0.0047303
-0.035554,0.0071717,-0.052338,-0.1326,0.0090028,0.0044251,0.00076295,0.0080873
-0.075227,-0.039521,-0.064851,-0.13565,0.027008,0.00045777,-0.0062562,0.0053407
-0.062715,-0.048676,-0.060578,-0.14847,0.018769,0.0080873,-0.015106,-0.016938
-0.036469,-0.11337,-0.050507,-0.11917,0.00076295,-0.0041199,0.0028992,-0.023346
-0.0050355,-0.13565,-0.041047,-0.12955,0.018158,-0.0013733,0.010529,-0.012055
-0.014191,-0.077668,-0.062104,-0.16007,0.039216,0.0090028,0.010529,0.0086976
-0.013581,-0.041352,-0.064851,-0.16373,0.0206,0.034028,0.01297,0.031281
-0.022431,-0.036774,-0.050202,-0.11948,0.00045777,0.011444,-0.0032044,0.043183
-0.040436,-0.0206,-0.056001,-0.1149,0.0035096,0.0090028,0.011444,0.019684
-0.019684,-0.017853,-0.060883,-0.13931,0.017243,0.024872,0.0096132,-0.017548
-0.018158,-0.021515,-0.063325,-0.15457,0.011444,0.014496,0.0013733,-0.0053407
-0.017548,-0.026703,-0.064546,-0.15518,0.013581,-0.015106,0.002594,0.0071717
-0.024262,-0.035554,-0.053254,-0.11734,-0.01236,0.0053407,0.012055,0.015106
-0.031281,-0.028534,-0.059052,-0.12863,-0.017243,0.01297,0.022126,0.0080873
-0.0096132,-0.023651,-0.063325,-0.12924,-0.0019837,0.0080873,0.022126,-0.020905
-0.0062562,-0.026093,-0.060578,-0.12772,-0.00076295,0.014191,0.0074769,-0.020905
-0.016327,-0.026398,-0.058137,-0.12436,0.005951,0.025177,0.018158,-0.0096132
-0.027314,-0.031586,-0.062409,-0.12314,0.0050355,0.036164,0.042267,-0.0041199
-0.032807,-0.028229,-0.06424,-0.14389,0.0090028,0.020294,0.014191,-0.00076295
-0.020905,-0.027924,-0.063935,-0.15213,0.019074,0.016022,0.016022,0.0035096
-0.023346,-0.027924,-0.052033,-0.14664,0.023957,-0.00015259,0.019379,0.025177
-0.036469,-0.040436,-0.045014,-0.11673,0.0383,-0.0071717,0.014801,0.039826
-0.069734,-0.036164,-0.048981,-0.12772,0.03769,-0.014191,-0.0068666,0.026093
-0.041352,-0.017548,-0.056306,-0.14603,0.038911,0.0047303,-0.014801,-0.0062562
-0.028534,-0.015717,-0.065766,-0.14267,0.021515,0.014496,0.0035096,0.025788
-0.019074,-0.024872,-0.067292,-0.15091,-0.0071717,0.0013733,0.0074769,0.039216
-0.014496,-0.034028,-0.064851,-0.11704,0.0016785,0.015106,0.015106,0.03006
-0.02945,-0.047456,-0.059052,-0.10788,-0.0090028,0.015412,0.039826,0.030976
-0.048371,-0.064546,-0.044709,-0.1149,-0.00076295,0.016938,0.02884,0.035248
-0.056916,-0.048066,-0.065156,-0.11551,-0.0010681,0.0080873,0.013581,-0.0010681
-0.044709,-0.070649,-0.067292,-0.12375,0.0050355,0.011139,0.010529,-0.0053407
-0.040436,-0.1265,-0.049287,-0.13291,-0.0071717,0.027924,-0.017548,0.030976
-0.010529,-0.043488,-0.059358,-0.14908,-0.017243,0.005951,-0.020294,0.02182
0.0028992,0.061189,-0.078279,-0.14115,-0.0019837,0.009308,-0.010834,0.0041199
-0.031281,0.076143,-0.082551,-0.13107,0.0019837,0.016632,-0.0044251,0.017548
-0.081636,0.024262,-0.066377,-0.10849,0.0056458,0.0086976,0.0038148,0.0099184
-0.08835,-0.021515,-0.024872,-0.092622,0.030976,0.009308,-0.0010681,-0.041352
-0.041047,-0.064851,-0.027008,-0.14389,0.050202,-0.01297,-0.002594,-0.065156
-0.00045777,-0.065766,-0.046235,-0.16342,0.025483,0.014191,0.017853,0.002594
0.023957,-0.076448,-0.058442,-0.15671,0.0028992,0.022126,0.031891,0.046235
0.041047,-0.070954,-0.051728,-0.13504,0.002594,0.012055,0.023957,0.060578
0.016632,-0.047456,-0.064851,-0.11917,0.0028992,-0.00015259,-0.00015259,0.04593
-0.061189,-0.043793,-0.05417,-0.13169,0.0016785,0.011444,0.0074769,0.039826
-0.065766,-0.030976,-0.058747,-0.12985,-0.00045777,0.0068666,0.023041,0.032807
-0.047761,-0.02945,-0.065766,-0.14725,0.0096132,0.017243,0.0053407,0.016022
-0.048981,-0.04654,-0.070649,-0.13352,-0.0056458,0.0047303,0.0080873,0.0090028
0.016632,-0.0013733,-0.074006,-0.12314,-0.024262,0.01236,0.045014,0.030976
0.015412,0.019379,-0.063325,-0.13504,-0.014191,0.037385,0.035554,0.039826
-0.016327,0.00045777,-0.077363,-0.1268,0.0010681,0.015412,0.013886,0.045624
-0.022431,-0.019989,-0.083467,-0.14298,0.013581,0.002594,0.00076295,0.017853
-0.035554,-0.058747,-0.074311,-0.14084,0.016938,-0.0041199,0.0080873,-0.020294
-0.038911,-0.052033,-0.065156,-0.13748,0.016938,-0.0062562,-0.010529,-0.033722
-0.024262,-0.021515,-0.051118,-0.13107,0.0206,-0.0032044,0.00045777,-0.034333
0.022126,-0.010224,-0.050202,-0.12253,0.022126,-0.0090028,0.015412,-0.009308
-0.012055,-0.030976,-0.024872,-0.13474,0.02945,-0.0035096,0.0013733,-0.009308
-0.052949,-0.103,-0.0096132,-0.11276,0.030976,0.01236,0.011444,-0.015717
-0.06363,-0.077974,-0.076753,-0.14054,0.027924,-0.0022889,0.016938,-0.031891
-0.012055,0.026398,-0.081331,-0.15213,0.020905,0.024872,-0.0096132,-0.029755
0.011749,0.035554,-0.068513,-0.13993,-0.00076295,0.019379,-0.0044251,-0.010834
-0.012665,0.015717,-0.03769,-0.14328,-0.010224,-0.00015259,0.02182,-0.00076295
-0.043183,-0.051423,-0.019989,-0.13352,-0.0047303,-0.00076295,0.011139,0.023651
-0.041657,-0.027314,-0.050813,-0.14176,-0.00076295,-0.0090028,0.00076295,0.037079
-0.053559,-0.013886,-0.066377,-0.12161,-0.0080873,0.002594,0.0068666,0.045624
-0.12558,-0.069734,-0.046235,-0.10788,-0.018158,0.010224,0.021515,0.039216
-0.11215,-0.11398,-0.070344,-0.1265,-0.0010681,-0.00076295,0.015717,-0.0022889
-0.10056,-0.13046,-0.056611,-0.15366,0.009308,0.00076295,0.011749,-0.014801
0.0016785,-0.10544,-0.049287,-0.15183,0.0071717,0.012665,0.017853,0.0028992
0.087739,-0.073396,-0.062715,-0.12497,0.0019837,0.0077821,0.011749,0.0068666
0.019074,-0.07187,-0.060883,-0.11521,0.010834,0.005951,0.035554,0.045624
-0.016327,0.021515,-0.076143,-0.11307,0.048371,0.016632,0.009308,0.023957
-0.035859,-0.022736,-0.055085,-0.09659,0.043488,0.013886,0.0032044,-0.0068666
0.017853,-0.014801,-0.065766,-0.16098,0.03769,0.01297,0.016022,-0.019684
0.013275,-0.023957,-0.058137,-0.15488,0.026703,0.018158,0.022736,0.0041199
-0.0972,-0.084993,-0.063935,-0.1387,-0.010834,0.032502,0.022736,0.046845
-0.089876,-0.08957,-0.061189,-0.15885,0.0013733,-0.0032044,-0.0028992,0.013275
-0.086213,-0.050202,-0.060273,-0.12528,0.0090028,0.020905,0.00076295,0.0074769
-0.070649,-0.026398,-0.052033,-0.13169,-0.0071717,0.0206,0.0074769,0.0090028
0.022736,-0.00045777,-0.061799,-0.121,0.0050355,-0.0038148,-0.002594,-0.0062562
0.017548,-0.01297,-0.066072,-0.14908,0.0050355,-0.0053407,0.023651,0.0086976
-0.0074769,-0.0383,-0.058442,-0.1561,-0.016327,-0.0028992,0.019074,0.027619
-0.021515,-0.08957,-0.032807,-0.12772,-0.024567,0.0053407,0.009308,0.017853
-0.05478,-0.039826,-0.050813,-0.11582,-0.024262,0.0050355,0.030365,0.022736
-0.081025,-0.020905,-0.056916,-0.11734,-0.0083925,-0.019379,0.024872,0.013275
-0.056611,-0.012055,-0.061189,-0.14572,0.017243,-0.023041,-0.019379,-0.013275
-0.055085,0.014191,-0.058137,-0.13748,0.034028,0.0047303,0.0099184,-0.0044251
-0.02884,0.018463,-0.052644,-0.14389,0.029145,0.0068666,0.020905,-0.002594
0.005951,-0.00045777,-0.052033,-0.14725,0.031281,0.031586,0.0096132,0.0068666
0.073701,0.0013733,-0.059052,-0.14603,0.017243,0.031586,0.019989,0.010529
0.06424,-0.024567,-0.06424,-0.14847,0.02182,0.022126,0.033112,0.016022
0.0035096,-0.050202,-0.055085,-0.13138,0.031586,-0.016938,-0.023041,0.0074769
-0.022126,-0.037385,-0.048066,-0.12924,0.029755,-0.01297,-0.019684,0.0035096
-0.043183,-0.046845,-0.050202,-0.12161,0.027008,0.02121,0.010834,0.00076295
-0.077363,-0.07187,-0.053864,-0.1207,0.017243,0.056916,0.021515,0.0035096
-0.042878,-0.098421,-0.054475,-0.12802,0.0010681,0.026093,0.0013733,-0.026398
-0.015717,-0.12284,-0.056611,-0.14359,-0.015106,0.020905,0.005951,-0.028229
-0.023041,-0.061799,-0.061799,-0.13962,-0.012665,0.033112,0.026703,-0.013581
-0.028534,0.005951,-0.062104,-0.14084,-0.0206,0.019074,0.047761,0.025483
-0.040742,-0.051423,-0.066072,-0.1445,-0.028534,0.0077821,0.016022,0.035859
-0.091707,-0.024872,-0.078889,-0.15061,-0.0083925,0.0086976,0.010834,0.027619
-0.12955,0.15793,-0.077974,-0.13107,-0.0086976,0.010529,0.017243,0.03006
-0.079805,0.10941,-0.070039,-0.1088,0.013581,0.0044251,0.021515,0.005951
-0.036469,0.024567,-0.070954,-0.13779,0.023346,-0.0047303,0.015717,0.0047303
-0.024872,-0.026093,-0.029755,-0.1387,0.031586,0.01297,-0.0090028,0.0065614
-0.012055,-0.074006,-0.029145,-0.1207,0.031891,0.005951,-0.0047303,0.012665
0.025483,-0.056916,-0.073091,-0.14908,0.028229,0.0038148,0.025788,0.0077821
-0.0028992,-0.060578,-0.072175,-0.15457,0.015717,0.0090028,0.024262,0.033112
-0.030365,-0.082856,-0.04654,-0.10758,0.0074769,0.026703,0.023346,0.039826
-0.04593,-0.11795,-0.024567,-0.092622,0.025177,0.014801,0.0041199,0.014801
-0.046845,-0.070649,-0.060883,-0.11765,0.038911,-0.0041199,-0.016632,0.0028992
-0.045624,-0.017548,-0.079194,-0.15763,0.019074,0.00045777,-0.0028992,0.0016785
-0.059968,-0.040436,-0.073091,-0.15274,-0.0013733,0.0065614,-0.0010681,0.0038148
-0.049592,-0.0383,-0.065766,-0.11643,-0.011444,0.01236,-0.021515,-0.012665
-0.042878,-0.023346,-0.055085,-0.12039,-0.0086976,-0.0028992,-0.0028992,-0.023041
-0.042878,-0.00015259,-0.066987,-0.12467,-0.010529,0.010834,0.0096132,-0.0053407
-0.025483,0.0086976,-0.067292,-0.11124,-0.009308,0.01236,0.0035096,-0.018158
0.014801,-0.0044251,-0.048066,-0.11673,0.0071717,0.0086976,0.027008,-0.0032044
0.074006,-0.012055,-0.055085,-0.13596,0.013275,-0.0041199,0.026093,0.031891
0.016938,-0.041657,-0.056916,-0.14603,0.0090028,0.0041199,0.034333,0.057221
-0.018463,-0.049897,-0.066682,-0.16007,0.0065614,0.023041,0.015717,0.060273
-0.010529,-0.070344,-0.08072,-0.14694,0.0090028,0.026398,0.036774,0.025483
0.020905,-0.10208,-0.080415,-0.13169,0.019989,0.028534,0.034028,0.024262
-0.012055,-0.076753,-0.086519,-0.14084,0.030976,0.018463,0.042267,0.034943
-0.065461,-0.05417,-0.061189,-0.13901,0.016938,0.015106,0.040131,0.053254
-0.063325,-0.030976,-0.045014,-0.15488,0.01297,0.0099184,-0.0056458,0.014191
-0.059052,-0.049592,-0.0090028,-0.12924,0.0028992,0.0086976,-0.0065614,0.0010681
-0.055085,-0.055695,0.020905,-0.11887,0.002594,0.015412,0.002594,0.0077821
-0.021515,-0.03769,-0.018463,-0.13321,0.013275,-0.0016785,0.0086976,-0.0062562
-0.04593,-0.078889,-0.058747,-0.10971,-0.017548,0.01236,0.009308,-0.01297
-0.035248,-0.090486,-0.072175,-0.12528,-0.010224,0.0099184,-0.0041199,0.00076295
0.0074769,-0.025483,-0.081331,-0.11398,0.016938,-0.016938,-0.00045777,0.031281
0.011139,-0.026093,-0.074922,-0.11978,-0.0013733,0.0032044,0.033722,0.064546
-0.014191,-0.032197,-0.043793,-0.11978,0.0019837,0.012665,0.027314,0.047456
-0.0068666,0.0041199,-0.06424,-0.13535,0.010529,0.0013733,0.018769,0.013275
-0.027619,-0.0206,-0.056611,-0.13046,0.018769,0.024872,0.022126,-0.0062562
-0.060578,-0.024567,-0.059968,-0.10086,0.027924,0.013275,0.0041199,0.0013733
-0.06302,-0.0062562,-0.059358,-0.11948,0.030976,0.011139,-0.0022889,-0.0068666
-0.04715,-0.020294,-0.052033,-0.14755,0.031586,0.019379,0.0041199,-0.014801
-0.038605,0.005951,-0.060883,-0.14389,0.0096132,0.02884,0.019989,0.014191
-0.022431,0.067597,-0.072786,-0.15488,0.0074769,0.018463,0.023957,0.039216
-0.018769,0.033112,-0.086519,-0.16983,0.015106,0.0047303,0.0038148,0.0032044
-0.013581,-0.019379,-0.082856,-0.15122,0.016632,0.0044251,-0.0047303,0.0016785
0.010529,-0.03006,-0.05478,-0.15183,0.013886,-0.0080873,-0.0019837,0.013275
0.043793,-0.058137,-0.0068666,-0.11765,0.0016785,0.010224,-0.00015259,0.027924
0.031281,-0.11612,-0.036469,-0.14054,-0.0032044,0.016327,0.019074,0.041352
-0.045014,-0.21256,-0.045014,-0.13382,-0.0090028,-0.0041199,0.014801,0.041962
-0.081331,-0.13352,-0.041962,-0.092317,-0.010529,0.0206,-0.002594,0.025483
-0.08835,-0.023346,-0.060273,-0.10636,0.0065614,-0.013275,-0.0071717,-0.022736
-0.070954,-0.0044251,-0.074006,-0.11368,0.019989,-0.013275,-0.010834,-0.047456
-0.047456,-0.0096132,-0.065766,-0.13565,0.0068666,0.022431,0.010529,-0.010529
-0.015412,0.011444,-0.070344,-0.14511,-0.0028992,0.032502,0.018158,0.0035096
-0.0090028,0.030365,-0.062715,-0.13352,-0.0053407,0.00045777,0.0068666,-0.013581
-0.013581,-0.0065614,-0.056916,-0.14755,0.002594,-0.0090028,0.0077821,0.0065614
-0.052033,-0.057832,-0.061189,-0.14786,0.020905,0.005951,0.0090028,0.0074769
-0.058747,-0.035554,-0.066072,-0.13962,0.029755,0.010224,0.0099184,-0.0096132
-0.02884,-0.018463,-0.066987,-0.16281,0.034943,0.0077821,0.0013733,-0.031281
-0.0022889,-0.060273,-0.059052,-0.14694,0.030365,0.016632,0.0077821,-0.01236
-0.0047303,-0.048066,-0.050507,-0.11368,0.027008,0.020294,0.0032044,0.018769
-0.030671,0.051118,-0.050202,-0.099947,0.022126,0.01297,0.019684,0.0065614
-0.069734,0.068513,-0.051728,-0.10178,0.0206,0.016022,0.01297,-0.002594
-0.033112,0.0206,-0.079194,-0.14298,0.002594,0.019989,-0.015412,-0.020294
-0.0056458,-0.15274,-0.042573,-0.15274,0.0050355,0.014496,-0.0050355,0.013581
-0.091096,-0.28031,-0.027008,-0.1268,-0.009308,0.005951,0.022126,0.063325
-0.085298,-0.24216,-0.062409,-0.12253,-0.024567,0.0044251,0.024262,0.037385
-0.0032044,-0.024872,-0.064851,-0.14389,-0.027619,0.0086976,0.012665,0.027619
0.090181,0.043183,-0.051118,-0.11856,-0.030365,-0.0019837,0.023346,0.032807
0.09781,0.057832,-0.07126,-0.15335,0.0050355,-0.0019837,0.0071717,0.035248
0.013886,0.13931,-0.082551,-0.16098,0.019684,-0.0077821,0.018769,0.07248
-0.034333,0.08835,-0.0795,-0.15305,0.02182,-0.010224,0.017853,0.048371
-0.059358,-0.025483,-0.060883,-0.14267,0.016022,0.015412,-0.0068666,-0.0010681
-0.032502,-0.0083925,-0.053254,-0.14176,0.012055,0.024567,0.019074,-0.014191
-0.023346,-0.034638,-0.056306,-0.12711,0.028229,0.018463,0.015106,-0.0080873
-0.042878,-0.052033,-0.056611,-0.12436,0.041047,0.01236,0.017853,-0.01236
-0.058747,-0.065766,-0.052033,-0.13382,0.045319,0.0062562,0.0019837,-0.015717
-0.069123,-0.10086,-0.04593,-0.11856,0.027314,0.02945,0.0035096,-0.0041199
-0.050813,-0.099336,-0.060883,-0.11246,0.015717,0.018158,0.025788,0.023651
-0.02945,-0.063325,-0.070954,-0.1149,0.018158,0.0206,0.014191,0.016022
-0.1033,-0.084993,-0.059358,-0.10971,0.012665,0.013275,0.0086976,0.033417
-0.084382,-0.066682,-0.059358,-0.13046,0.0032044,-0.0090028,-0.0086976,0.0096132
-0.043183,-0.044404,-0.05417,-0.12131,-0.012055,0.017853,0.0090028,-0.0053407
-0.050507,-0.023346,-0.059052,-0.1207,-0.01236,0.013275,0.014191,0.0019837
-0.056611,-0.033417,-0.059968,-0.11643,-0.0096132,0.022431,-0.0013733,-0.002594
-0.017548,-0.02182,-0.060578,-0.12741,-0.0096132,-0.0090028,0.0010681,-0.010834
0.0032044,-0.014801,-0.053864,-0.17533,-0.0019837,0.0053407,0.0068666,0.0074769
-0.015717,-0.029755,-0.046845,-0.13779,-0.0074769,0.020294,0.015717,0.023651
-0.025788,-0.05478,-0.037079,-0.11368,0.005951,0.012665,0.029755,0.0010681
0.0032044,-0.016632,-0.05478,-0.13596,0.027008,0.0099184,0.0099184,0.0035096
0.013886,-0.010224,-0.061189,-0.15091,0.03006,0.0028992,0.010529,0.005951
0.0086976,-0.014801,-0.074311,-0.17105,0.017548,0.0028992,0.020905,-0.0010681
0.0041199,-0.03006,-0.074311,-0.16953,0.011139,0.012665,0.013886,-0.010224
-0.040742,-0.052949,-0.049287,-0.11887,-0.0041199,0.010834,0.0047303,0.0086976
-0.039521,-0.042267,-0.049287,-0.10178,0.0053407,0.00076295,-0.0090028,0.0010681
-0.04715,-0.028534,-0.074617,-0.11948,0.026093,0.019989,-0.0022889,-0.0010681
-0.025788,-0.0035096,-0.068513,-0.14298,0.015717,0.027314,-0.002594,-0.016632
-0.027619,-0.012665,-0.05478,-0.13748,-0.0068666,0.019074,0.0071717,0.020905
-0.0032044,0.0056458,-0.064546,-0.13138,-0.0035096,-0.00076295,0.0096132,0.030365
-0.0041199,0.015717,-0.063325,-0.15122,-0.00076295,-0.0028992,0.005951,0.0206
-0.0041199,-0.05417,-0.037995,-0.11093,-0.0090028,0.0071717,0.017853,0.039521
-0.043488,-0.10208,-0.023957,-0.10086,0.0019837,0.0010681,0.013581,0.031586
-0.050507,-0.039826,-0.051728,-0.10849,0.019684,-0.0086976,0.0056458,0.02884
-0.029145,-0.002594,-0.063935,-0.13169,0.018769,-0.018158,0.0035096,0.02121
0.0038148,-0.030976,-0.055085,-0.13687,0.02121,-0.011749,-0.0080873,-0.0044251
0.032807,-0.0383,-0.048676,-0.14206,0.012055,0.002594,0.011444,0.015412
-0.020905,-0.1268,-0.026398,-0.121,-0.0010681,0.034028,0.034333,0.044099
-0.0795,-0.084993,-0.070039,-0.095064,0.0041199,0.018463,0.023651,0.035859
-0.061189,0.039826,-0.092622,-0.12863,0.042878,0.018158,-0.0035096,-0.020294
-0.056611,-0.00045777,-0.055085,-0.13107,0.040131,0.024262,0.02121,-0.032502
-0.028229,-0.022126,-0.069123,-0.15122,0.0053407,0.019074,0.0068666,-0.014801
0.0090028,-0.023346,-0.030976,-0.1445,0.005951,-0.012055,-0.018463,-0.012665
-0.073396,-0.046235,-0.018158,-0.10117,-0.0044251,0.0022889,0.0086976,0.024262
-0.1387,-0.047456,-0.073091,-0.10513,-0.0013733,0.0099184,0.005951,0.011749
-0.059663,-0.028229,-0.078889,-0.14786,0.033722,0.0044251,-0.018158,-0.045319
0.044404,-0.023957,-0.068818,-0.15183,0.0099184,0.013275,0.02884,-0.014801
0.040436,0.019074,-0.072786,-0.14969,-0.016938,0.009308,0.02182,0.040436
0.033112,0.0096132,-0.086519,-0.15061,-0.02121,-0.0050355,0.015106,0.051118
0.035554,0.027619,-0.078889,-0.14115,-0.014801,0.0028992,0.012665,0.050202
0.020905,0.012055,-0.078584,-0.15549,-0.011444,0.013275,0.014191,0.051118
-0.017243,-0.062104,-0.035554,-0.15061,0.0047303,0.011444,0.013581,0.039826
-0.066682,-0.15244,-0.029145,-0.13169,0.0041199,0.010224,0.033417,0.036774
-0.083467,-0.24643,-0.025483,-0.12802,0.014191,-0.011139,0.019379,0.014801
-0.092317,-0.1442,-0.029145,-0.082246,0.02945,0.0047303,0.0096132,-0.027008
-0.039826,-0.02945,-0.065766,-0.12802,0.051728,0.0053407,-0.009308,-0.034333
-0.024567,-0.08957,-0.067903,-0.14969,0.054475,0.0022889,-0.0028992,-0.022431
-0.031586,0.012665,-0.069123,-0.13596,0.019379,0.034943,-0.0074769,0.019074
-0.027314,0.087739,-0.082856,-0.13779,0.0206,0.014496,-0.020294,0.009308
-0.035859,0.07248,-0.07126,-0.13352,0.0077821,-0.013275,0.0013733,0.002594
-0.033417,0.02121,-0.042878,-0.1146,0.012055,0.016327,0.018769,-0.014191
-0.0383,-0.010529,-0.032197,-0.12528,0.0032044,0.013886,0.0086976,0.0013733
-0.015717,-0.050813,-0.053254,-0.12192,0.0047303,0.013275,0.019379,0.029145
-0.01236,-0.048371,-0.063325,-0.13565,-0.00076295,0.029145,0.02121,0.024262
-0.053559,-0.065461,-0.070039,-0.1384,-0.020294,-0.0071717,0.025788,0.010834
-0.048981,-0.059358,-0.059968,-0.13687,-0.017243,0.016632,0.031281,0.009308
-0.015412,-0.068513,-0.06302,-0.14206,-0.0022889,0.027924,0.012665,0.0071717
0.011749,-0.05478,-0.064851,-0.1387,-0.011444,0.0068666,0.010834,0.028229
-0.025483,-0.052338,-0.05417,-0.13474,0.0016785,0.00015259,-0.0013733,0.034333
-0.058747,-0.049897,-0.058747,-0.13535,0.01297,0.0041199,-0.00015259,-0.0047303
-0.039216,-0.036164,-0.058747,-0.12589,0.01297,0.0068666,0.0019837,-0.029755
-0.026398,-0.043488,-0.056916,-0.1326,0.02121,0.024262,0.0032044,-0.024262
-0.035554,-0.050202,-0.056001,-0.13352,0.02121,-0.00015259,-0.002594,-0.033417
-0.044404,-0.030976,-0.056001,-0.14542,0.025177,0.0053407,-0.0080873,-0.0206
0.012055,0.024262,-0.070344,-0.15091,0.010834,0.0090028,-0.017548,-0.0096132
0.032807,0.017548,-0.063325,-0.13077,0.015412,0.014191,-0.0044251,0.009308
-0.0071717,0.015106,-0.066987,-0.13107,0.015106,0.0053407,0.023346,0.043183
-0.060883,0.018158,-0.06424,-0.12436,0.019684,0.0099184,0.043793,0.020905
-0.039216,0.026093,-0.062409,-0.14267,-0.0047303,0.01297,0.031281,0.0071717
-0.026703,-0.032807,-0.056611,-0.11917,-0.018158,0.0065614,0.016022,0.02182
-0.057832,-0.1384,-0.044709,-0.12467,-0.0083925,0.011139,0.022126,0.017243
-0.043793,-0.12863,-0.058747,-0.12772,0.01297,-0.014191,0.0053407,-0.014191
-0.077974,-0.069429,-0.066682,-0.14084,0.00045777,-0.0056458,0.0080873,-0.0019837
-0.0206,-0.022126,-0.063325,-0.15274,-0.024262,0.032502,0.01297,-0.015412
-0.01297,-0.026703,-0.043793,-0.10971,-0.016632,0.0065614,0.0028992,-0.01236
-0.048981,-0.13382,-0.017853,-0.081636,0.0071717,0.012665,-0.00015259,0.016938
-0.062715,-0.103,-0.052949,-0.11887,0.027924,0.018463,-0.0013733,0.0086976
-0.065156,-0.10605,-0.073091,-0.12985,0.023651,0.0038148,0.013275,0.032807
0.013275,-0.018769,-0.058747,-0.13565,0.0206,0.012665,0.034943,0.024872
0.025483,0.019379,-0.065766,-0.14755,0.012055,0.016632,0.015412,0.026093
-0.013275,-0.0053407,-0.062715,-0.12497,0.015717,0.017853,0.009308,0.056001
-0.012665,0.044709,-0.059052,-0.13046,0.017243,0.0071717,0.0080873,0.027008
-0.0028992,0.093233,-0.068818,-0.14359,0.026703,0.0053407,0.0038148,0.02121
0.034028,-0.0096132,-0.058747,-0.13931,0.019379,0.0041199,-0.0035096,0.031586
0.031281,-0.060883,-0.030976,-0.13718,-0.0032044,0.00045777,-0.0022889,0.0206
-0.10025,-0.12589,-0.027924,-0.096284,-0.010834,0.019379,0.016632,0.045624
-0.14237,-0.092012,-0.066072,-0.12375,0.0016785,0.020294,0.011139,0.019379
-0.069734,-0.071565,-0.07187,-0.13718,0.0077821,0.0019837,-0.010529,-0.026398
-0.058137,-0.018158,-0.074617,-0.13535,-0.0083925,-0.0053407,0.0096132,-0.0053407
-0.08896,-0.0068666,-0.054475,-0.15396,-0.0035096,-0.00015259,0.019074,0.0010681
-0.053559,-0.025483,-0.072175,-0.16342,-0.0090028,-0.0053407,0.027314,-0.016938
-0.018463,0.0065614,-0.080415,-0.15274,-0.00076295,-0.0080873,0.02182,-0.0080873
0.0035096,0.037385,-0.08896,-0.14786,0.0028992,0.0086976,-0.0028992,-0.012665
0.0065614,0.026703,-0.066377,-0.12558,-0.00076295,0.012055,-0.014496,-0.0053407
0.0086976,-0.030671,-0.044404,-0.11551,0.010529,0.00015259,0.025788,0.012055
0.0077821,-0.061799,-0.049897,-0.10239,0.041047,0.01297,0.024872,0.0035096
-0.0047303,-0.054475,-0.02884,-0.13169,0.048981,0.018463,0.02121,0.013275
-0.011444,-0.063325,-0.031891,-0.15274,0.042878,0.013275,0.019379,0.016022
-0.025177,-0.058137,-0.048066,-0.14725,0.021515,0.0047303,-0.0053407,0.02182
-0.010224,-0.016632,-0.055695,-0.13993,0.0019837,-0.0047303,0.012055,0.017548
-0.017243,-0.033722,-0.046845,-0.099031,-0.0068666,0.0065614,0.014801,0.024872
-0.041962,-0.045319,-0.043793,-0.09781,-0.0047303,0.0062562,0.020294,0.0383
-0.052033,-0.095674,-0.06424,-0.14359,0.019684,0.015106,0.0383,0.023651
-0.035554,-0.067903,-0.0795,-0.14878,0.017243,0.0080873,0.0071717,0.0068666
-0.022736,-0.045624,-0.063325,-0.14542,-0.0083925,0.0086976,0.024262,0.013275
-0.044404,-0.034638,-0.06424,-0.14176,-0.018463,0.0086976,0.019684,0.023651
-0.052644,0.0032044,-0.074617,-0.14328,-0.012665,0.0019837,0.022126,-0.0071717
-0.030671,-0.0016785,-0.074311,-0.16922,-0.0071717,-0.0080873,-0.0022889,-0.020905
-0.02121,-0.018158,-0.048676,-0.12253,-0.0086976,-0.0028992,-0.011139,-0.01236
-0.043793,-0.033417,-0.04593,-0.091707,0.0013733,0.010834,-0.0068666,0.0010681
-0.050813,-0.026398,-0.048066,-0.098726,0.023041,-0.0068666,-0.0086976,-0.01236
-0.050813,-0.043793,-0.049897,-0.12375,0.051728,-0.018158,-0.043793,-0.039521
-0.056611,-0.095674,-0.044709,-0.13901,0.040131,-0.016022,-0.015412,-0.02884
-0.029755,-0.072786,-0.060578,-0.16983,0.017853,0.023041,0.022736,-0.0090028
-0.012055,-0.045624,-0.072175,-0.18112,0.014191,0.058137,0.039216,0.029755
-0.023346,-0.043793,-0.054475,-0.14939,0.0056458,0.030976,0.016022,0.0383
-0.068818,-0.058747,-0.049897,-0.087129,0.0032044,0.032502,0.016632,0.03006
-0.028229,-0.026703,-0.060883,-0.1088,0.013886,0.036774,0.03006,0.012665
0.025788,0.067597,-0.08011,-0.13931,0.011444,0.017243,0.0099184,0.016938
-0.0080873,0.058747,-0.074006,-0.10727,-0.0041199,0.011139,0.015717,0.051423
-0.024567,0.049287,-0.068818,-0.11093,-0.010529,0.0013733,-0.0056458,0.041352
-0.012665,0.035248,-0.073091,-0.13657,-0.0041199,-0.0053407,-0.022431,0.024262
-0.050813,-0.010224,-0.063935,-0.14298,-0.012055,0.0099184,0.011749,0.035248
-0.0383,-0.018769,-0.059052,-0.15763,-0.0047303,0.0080873,0.022736,0.0206
-0.034333,-0.06363,-0.036164,-0.12314,-0.00076295,0.0071717,0.014801,0.0065614
-0.037079,-0.11002,-0.030671,-0.13199,-0.014801,0.0077821,0.023957,0.002594
-0.030976,-0.19303,-0.038911,-0.15396,0.013886,-0.0056458,0.019989,-0.011444
-0.040436,-0.25406,-0.041657,-0.13596,0.017548,0.014191,0.010529,-0.015412
-0.018463,-0.11246,-0.064851,-0.12497,0.037079,0.025483,0.018769,-0.024872
-0.023041,-0.081941,-0.070954,-0.1326,0.05417,0.024262,0.0096132,-0.015106
-0.020294,0.0016785,-0.070649,-0.13443,0.055085,0.011139,0.015717,-0.0068666
-0.011139,0.081941,-0.077974,-0.11337,0.041352,0.009308,0.013886,-0.02121
-0.024567,0.067597,-0.063325,-0.095369,0.019684,0.019074,0.010529,-0.00045777
-0.026398,0.045319,-0.044709,-0.13443,0.022126,0.012665,0.014801,0.0080873
-0.030976,0.040742,0.00045777,-0.13169,0.016938,0.0047303,0.019684,-0.0022889
-0.043183,-0.073701,-0.00076295,-0.11521,-0.0035096,0.032197,0.033112,-0.0074769
-0.02945,-0.049592,-0.067903,-0.13748,-0.0062562,0.027008,0.0056458,-0.018463
-0.028534,0.002594,-0.096284,-0.13687,0.0016785,-0.012055,-0.0056458,-0.017548
-0.045319,-0.024872,-0.082246,-0.15763,-0.015412,-0.0032044,0.014191,-0.0013733
-0.0044251,-0.050507,-0.061189,-0.15854,-0.018158,0.002594,0.025788,0.0206
0.02121,-0.050507,-0.056306,-0.14359,-0.0080873,0.010834,0.029145,0.034028
-0.012665,-0.090791,-0.049287,-0.12589,0.00045777,0.016022,0.022736,0.059968
-0.02884,-0.086519,-0.059052,-0.12741,0.0090028,0.0099184,0.026093,0.06302
0.027619,-0.083772,-0.069123,-0.13901,0.018769,0.0050355,0.0074769,0.060578
0.086519,-0.088655,-0.064851,-0.12558,0.018769,0.0090028,0.011139,0.053559
-0.01236,-0.1323,-0.068513,-0.13138,0.017853,0.029145,0.031586,0.098726
-0.096895,-0.030976,-0.060273,-0.11673,0.017243,0.016022,0.021515,0.049897
-0.10819,0.023651,-0.062104,-0.15061,0.030976,0.0044251,-0.014801,-0.018463
-0.074617,0.015412,-0.062409,-0.14115,0.019989,-0.014191,-0.018158,-0.035859
0.0013733,0.062715,-0.056611,-0.13748,0.0041199,-0.0077821,0.0038148,-0.026703
0.015106,0.13077,-0.048981,-0.12039,0.0050355,0.0022889,-0.0068666,-0.0065614
0.0019837,0.0038148,-0.066377,-0.11765,0.0016785,-0.0019837,-0.0056458,0.015717
-0.0096132,-0.036469,-0.062409,-0.1384,-0.0022889,0.01297,-0.00076295,0.019074
-0.019379,-0.03006,-0.07248,-0.13779,0.0028992,0.022736,0.010529,0.02884
-0.03769,-0.04593,-0.059052,-0.14328,-0.002594,-0.0086976,0.009308,0.0090028
-0.06302,-0.06363,-0.04593,-0.12253,-0.0068666,-0.00076295,0.018769,-0.00076295
-0.060578,-0.05417,-0.050507,-0.1207,-0.009308,0.02884,0.027924,-0.0013733
-0.029145,-0.042573,-0.052644,-0.12345,0.012055,0.014496,0.025483,0.005951
0.00076295,-0.041352,-0.044709,-0.12589,0.0010681,0.002594,0.018158,-0.0074769
0.010834,-0.0383,-0.052033,-0.13993,0.0010681,0.00015259,0.020905,-0.010529
-0.0068666,0.0099184,-0.078889,-0.16464,0.010834,-0.0038148,-0.0053407,0.0038148
-0.0013733,0.012055,-0.092317,-0.15305,0.0071717,-0.0016785,0.0047303,0.0050355
-0.052949,-0.0099184,-0.066682,-0.099947,0.027314,0.014801,0.009308,-0.039826
-0.053254,-0.0056458,-0.048066,-0.11948,0.037079,-0.00076295,-0.0010681,-0.036774
-0.036469,0.011139,-0.070649,-0.16464,0.035859,0.019989,0.0016785,-0.0028992
-0.060883,-0.012665,-0.065766,-0.15488,0.011749,0.0383,0.0096132,0.0099184
-0.084382,-0.11673,-0.034943,-0.10391,-0.0047303,0.025177,0.0041199,0.011444
-0.087129,-0.22263,-0.020294,-0.082856,0.019989,0.01297,0.0010681,-0.0028992
-0.071565,-0.16892,-0.030671,-0.091402,0.02945,0.00076295,0.014191,-0.01297
-0.010529,-0.047456,-0.061189,-0.12161,0.0050355,0.0041199,0.015717,-0.009308
0.017548,0.0099184,-0.072175,-0.15793,-0.017243,0.005951,0.0074769,0.023346
-0.012055,-0.031586,-0.061799,-0.14359,-0.019379,0.010529,0.0068666,0.049897
-0.093233,-0.090791,-0.048066,-0.14542,-0.019074,0.0065614,0.017548,0.0383
-0.099947,-0.071565,-0.058137,-0.14603,-0.0068666,0.0013733,0.02884,0.012665
-0.052033,-0.044709,-0.048066,-0.13993,0.0090028,0.013886,0.031891,-0.0068666
-0.035554,-0.020905,-0.055085,-0.11063,0.022126,0.002594,0.016938,0.0041199
-0.044709,-0.010224,-0.066377,-0.11948,0.030365,0.0053407,0.0071717,0.017548
-0.024872,0.016327,-0.067903,-0.1445,0.047456,0.03006,-0.010834,-0.0010681
0.016022,-0.017548,-0.056001,-0.14298,0.027924,0.016938,-0.0010681,0.010834
0.054475,-0.046235,-0.046235,-0.13382,0.015106,0.024567,0.023346,0.033722
0.15213,-0.0068666,-0.066072,-0.14481,0.030365,0.020294,0.015412,0.044404
0.061494,-0.02884,-0.070649,-0.14328,0.018158,0.015412,0.019989,0.087434
-0.027619,-0.052949,-0.06424,-0.12772,-0.00045777,0.023346,0.012055,0.098421
-0.016327,-0.0035096,-0.081025,-0.14328,0.0013733,-0.0062562,0.015106,0.033417
-0.081941,-0.0068666,-0.061799,-0.13169,0.0050355,0.0086976,0.013886,0.025177
-0.17105,-0.043793,-0.050202,-0.067597,-0.010529,0.00076295,0.016632,0.017548
-0.11734,-0.053864,-0.049897,-0.11765,0.011749,0.002594,-0.015412,-0.037385
-0.038605,-0.041352,-0.056916,-0.15091,0.028229,0.0013733,-0.00076295,-0.039521
-0.0383,-0.022736,-0.073396,-0.16129,-0.0206,-0.00076295,0.0032044,-0.015717
-0.037079,-0.03006,-0.06424,-0.15152,-0.033417,0.025483,0.0096132,-0.0086976
-0.0206,-0.035554,-0.056916,-0.15305,-0.019074,0.026703,0.024262,-0.0090028
-0.01297,-0.019379,-0.053254,-0.13474,-0.016938,0.0206,0.020294,0.0090028
-0.040742,-0.046235,-0.052338,-0.11856,0.005951,0.011139,0.00076295,0.0071717
-0.047456,-0.061799,-0.057832,-0.11917,0.016022,-0.012665,-0.0086976,0.0053407
-0.009308,-0.035859,-0.052644,-0.11368,0.028229,0.002594,0.0013733,-0.0065614
-0.0068666,-0.03006,-0.045624,-0.1265,0.031891,0.024872,0.013581,0.0096132
