0.039521,0.10727,-0.032502,-0.02884,0.21286,0.072175,0.072175,0.037385
-0.06363,0.084077,-0.048371,-0.21622,0.27146,0.073701,0.087434,0.095979
-0.063935,0.059358,0.023651,-0.19303,0.13199,0.059052,0.057221,0.049287
-0.056916,-0.011749,-0.012055,-0.14969,0.076753,0.058442,0.053864,0.014801
-0.041962,0.00015259,-0.076448,-0.25284,-0.014496,0.015412,0.029145,0.024872
-0.014801,0.054475,-0.092927,-0.15915,-0.061494,0.0038148,-0.009308,-0.0050355
0.013581,0.041657,-0.034943,-0.059052,-0.075837,0.010529,-0.0083925,-0.015412
0.034943,0.07126,-0.082246,-0.23331,-0.13657,-0.0056458,-0.010224,0.013275
-0.014801,-0.056306,-0.13352,-0.34134,-0.15183,-0.0056458,-0.018463,0.036774
-0.073091,-0.12863,-0.039826,-0.17929,-0.31327,-0.063325,-0.056001,-0.00045777
-0.043183,0.019684,-0.11643,-0.019379,-0.14633,-0.077363,-0.065461,-0.030671
-0.047761,-0.014191,-0.048371,-0.20127,0.024262,-0.013886,0.0016785,0.025788
-0.068208,-0.1799,-0.080415,-0.014801,0.036774,-0.0013733,-0.00076295,0.019379
-0.033417,-0.34684,-0.066682,0.026703,0.065766,-0.0071717,-0.0010681,-0.0074769
-0.018463,-0.093843,-0.027924,-0.121,0.065156,0.044404,0.023041,0.026703
-0.013275,0.026398,-0.038911,-0.16342,0.11185,0.055695,0.02945,0.034943
-0.02121,0.026093,0.019989,-0.14145,0.13077,0.027924,0.033722,0.009308
-0.032502,0.14725,-0.030365,-0.30198,0.22141,0.032197,0.057221,-0.018463
-0.019684,0.32639,-0.065766,-0.14267,0.22354,0.050507,0.068208,0.019379
-0.0035096,0.32883,-0.085298,0.20737,0.11582,0.036164,0.058137,0.048066
-0.12619,-0.3859,-0.10697,-0.26383,0.054475,0.039521,0.0383,0.012055
-0.14572,-0.33066,0.0047303,-0.49241,-0.059968,0.024262,0.01297,-0.03769
-0.085298,-0.0086976,0.023346,0.20615,-0.079194,-0.016938,-0.013275,-0.062715
0.026703,-0.022126,0.035859,0.039826,-0.078279,0.0080873,0.0090028,0.023957
-0.075837,-0.12985,-0.15976,-0.18784,-0.061799,-0.011444,-0.0019837,0.025483
-0.044404,-0.078279,-0.4094,-0.31937,-0.15946,-0.070649,-0.056611,-0.06302
0.12802,-0.13657,-0.020905,-0.38743,-0.30198,-0.063325,-0.030976,-0.00045777
0.048981,-0.32303,-0.095979,-0.30961,-0.15274,-0.029145,-0.00076295,0.072175
0.12467,0.07187,0.041657,0.29862,0.0019837,-0.027008,-0.020905,0.011749
0.086824,0.43839,-0.029145,0.14603,0.026703,0.016327,0.040131,0.10544
-0.052033,0.15946,-0.09659,-0.21134,0.035248,0.024262,0.049287,0.12894
-0.12222,0.15183,-0.092927,-0.45274,0.089876,0.002594,-0.0080873,0.023651
-0.15183,-0.075837,0.062715,-0.103,0.11551,-0.0041199,0.00045777,-0.02121
-0.098116,-0.28061,0.021515,0.44694,0.17136,-0.0077821,0.017243,-0.060883
-0.092927,-0.27481,0.010529,-0.12284,0.33463,0.0795,0.081636,-0.0050355
-0.023041,-0.22141,-0.016938,-0.24094,0.16098,0.12741,0.076753,0.034943
0.11093,-0.22568,-0.036469,-0.3151,0.051728,0.073091,0.035859,-0.017243
0.031586,0.01236,-0.08011,-0.47562,-0.024872,0.0090028,0.013886,0.00076295
-0.103,0.26078,-0.13046,-0.27451,-0.043793,-0.028229,0.027008,0.034943
-0.26596,0.16983,-0.20737,0.26169,0.010529,-0.01297,-0.017548,-0.043488
-0.12161,-0.56504,0.28336,0.1323,-0.051728,0.0022889,-0.036774,-0.070954
-0.24796,-0.71611,-0.090486,-0.18143,-0.10422,0.046235,0.0041199,0.02121
-0.057527,0.1091,-0.1149,-0.29648,-0.25772,-0.0068666,-0.051118,-0.016327
0.13291,0.33433,-0.0062562,-0.42039,-0.26261,-0.060273,-0.077668,-0.059052
0.19455,0.20554,-0.10269,-0.33738,-0.1146,-0.045624,0.0019837,0.088045
0.2443,0.018158,-0.20676,-0.0013733,0.027314,0.0047303,-0.0010681,0.082856
0.24582,-0.2855,-0.22324,0.056001,0.10086,0.027008,0.0035096,0.024872
0.036164,-0.22416,0.0038148,-0.0053407,0.039826,-0.016327,-0.00015259,0.011749
0.11307,-0.24552,-0.0090028,-0.010834,0.057221,-0.041352,0.0038148,0.014801
0.0074769,0.083162,-0.047761,-0.085908,0.10452,0.0053407,0.05539,0.10086
-0.17929,0.23453,-0.0083925,-0.013275,0.23545,0.078889,0.073396,0.092317
-0.11826,0.41672,0.055695,-0.12253,0.33646,0.081331,0.07248,-0.0032044
-0.0206,0.4097,-0.072786,-0.28428,0.13077,0.051118,0.058442,-0.023041
-0.066072,0.22629,-0.085298,-0.42344,-0.0056458,0.032197,0.043183,0.026703
-0.11734,-0.52567,0.16831,-0.30259,-0.083162,0.028534,0.026093,-0.016632
-0.016938,-0.45548,0.15244,-0.030365,0.0053407,0.036774,0.034333,-0.0013733
-0.042573,0.13474,-0.01297,0.25864,-0.039521,0.0044251,-0.0010681,0.02884
-0.099641,-0.041962,-0.34104,0.08896,-0.1738,0.016022,-0.0056458,0.036164
-0.24521,-0.42832,-0.43503,-0.33921,-0.079805,0.0010681,-0.028534,0.0099184
-0.26993,-0.262,-0.046235,-0.2916,-0.27115,-0.065766,-0.062715,-0.032807
-0.055085,0.25467,0.074617,-0.21408,-0.16037,-0.063325,-0.084077,-0.11429
-0.035859,0.31449,-0.090486,-0.20493,-0.035554,-0.034333,-0.023651,-0.08835
0.060273,0.036469,-0.04593,-0.20401,0.039521,0.002594,0.0013733,-0.059052
0.25895,-0.084993,-0.024872,-0.079805,0.05417,0.0071717,0.013886,-0.018463
0.064546,-0.17685,-0.026398,-0.1265,0.035554,0.039216,0.060273,0.13291
-0.12589,-0.16953,-0.16587,-0.010224,0.13687,0.040436,0.058442,0.1384
-0.13199,0.081941,-0.18357,-0.16464,0.12558,-0.0071717,0.025788,0.026093
0.23392,0.26322,0.042267,-0.090486,0.24735,0.02121,0.033417,-0.020294
0.16312,0.12985,0.15854,-0.06363,0.27146,0.08835,0.052949,0.019989
-0.10727,-0.24765,0.012055,-0.24582,0.12589,0.045319,0.03769,0.07126
-0.16251,-0.37644,-0.14572,-0.16251,-0.0056458,0.016327,0.017243,0.02945
-0.15,0.28733,-0.096895,-0.00045777,-0.048981,0.039521,0.02945,0.013275
-0.2269,0.37125,-0.059358,-0.27848,-0.041352,0.015412,0.026093,0.027314
-0.31601,-0.19486,-0.027924,-0.26963,-0.09781,-0.025788,-0.026398,-0.063935
0.045624,-0.37034,-0.14878,-0.13382,-0.13413,-0.059358,-0.037385,-0.11337
-0.17563,-0.078584,0.02945,0.095064,-0.1735,-0.009308,0.013275,0.0074769
-0.17105,-0.1976,0.0016785,-0.069734,-0.25101,0.0062562,-0.0083925,0.033417
-0.30228,0.22141,-0.11124,-0.24704,-0.10788,-0.018769,-0.039521,-0.064851
-0.061189,0.53452,-0.10544,-0.13718,-0.045319,-0.017548,-0.018463,-0.10513
0.38529,0.34958,-0.040131,-0.16312,0.071565,-0.013275,0.01297,-0.0972
0.43565,-0.39109,-0.085908,-0.085298,0.045014,0.010529,0.025483,0.016938
0.24186,-0.42802,-0.04654,-0.0013733,0.024262,0.019074,0.024872,0.18479
0.19699,-0.1265,-0.0077821,-0.08835,0.15732,0.021515,0.017853,0.16037
-0.103,-0.34989,0.059968,-0.085908,0.19455,0.043183,0.040436,0.076143
-0.18692,-0.25284,-0.035859,-0.20371,0.30808,0.066987,0.074617,-0.034943
-0.27268,-0.016327,0.019379,-0.081636,0.20157,0.072786,0.046235,-0.058747
0.03769,0.42374,-0.088655,-0.25742,0.092622,0.046235,0.022126,-0.098116
-0.034333,0.45731,-0.010834,-0.11154,-0.049897,-0.0035096,0.0013733,-0.029145
0.11673,0.057832,-0.016632,-0.13596,-0.053559,0.0028992,0.017548,0.02945
0.29435,0.028229,-0.033112,-0.42405,-0.052949,0.020294,0.028229,0.13107
0.065461,-0.74907,0.023957,-0.60624,-0.12833,-0.013581,-0.0044251,0.16007
0.057527,-0.82414,-0.11429,-0.29862,-0.14206,-0.05539,-0.034333,0.042878
-0.0044251,-0.18204,-0.074922,0.48905,-0.24979,-0.060273,-0.045014,0.031891
0.025177,-0.27176,-0.12131,0.24247,-0.15396,0.015412,0.030976,0.17472
-0.12772,-0.048981,-0.15946,-0.26352,-0.026398,0.018158,0.025177,0.14023
-0.22019,0.21927,-0.19272,-0.0044251,-0.084688,-0.017853,-0.022431,0.010529
-0.12375,0.051728,-0.027619,-0.073701,0.11154,-0.02884,-0.048676,-0.1384
-0.18662,-0.14481,-0.0041199,0.14542,0.037079,0.025483,-0.019684,-0.084382
-0.10849,0.069123,0.090181,-0.057221,0.11215,0.045319,0.034943,-0.040742
-0.041047,0.093538,0.064851,-0.18967,0.12589,0.017853,0.025788,-0.03769
-0.024262,0.093233,0.066682,-0.0206,0.13931,0.044404,0.035554,-0.0028992
-0.037079,0.14115,0.093843,-0.11734,0.32181,0.05478,0.086824,-0.021515
-0.018769,0.19181,0.069123,-0.22385,0.17746,0.037995,0.070039,-0.025788
0.026093,0.12863,-0.13748,-0.14725,0.053559,0.050507,0.027008,-0.031586
-0.11582,-0.074617,-0.14786,-0.19944,-0.011444,0.026703,0.031281,0.023651
-0.099947,-0.0062562,-0.12894,-0.22171,-0.084077,-0.0074769,0.015717,0.041657
-0.050813,-0.00045777,-0.11246,-0.23117,-0.074006,0.0013733,-0.0062562,0.015106
-0.048676,0.05539,-0.14939,-0.34531,-0.084993,-0.015412,-0.016938,-0.00076295
-0.070954,0.027924,-0.16556,-0.40391,-0.14389,-0.017548,-0.013581,-0.011139
-0.078279,-0.079805,-0.17868,-0.12589,-0.28183,-0.056001,-0.063935,-0.056916
0.047456,-0.013886,-0.088045,0.14969,-0.18967,-0.060273,-0.07187,-0.083162
0.010834,0.024567,-0.081941,-0.099641,-0.0041199,-0.0053407,-0.017548,-0.022126
0.0019837,0.076753,-0.0795,-0.3743,0.049592,0.014191,0.019074,0.048371
0.0035096,0.093233,-0.083162,-0.54459,0.016022,-0.0035096,0.0090028,0.048066
0.024872,-0.10971,-0.083162,-0.1149,0.03006,0.0028992,0.010529,0.031891
0.043183,-0.11826,-0.060883,0.34379,0.12192,0.020294,0.019684,0.025483
-0.0022889,0.089265,0.0038148,0.31357,0.17838,0.071565,0.046235,0.053864
-0.15274,-0.0383,-0.044099,0.043488,0.28153,0.096895,0.059663,0.055085
-0.14389,-0.30838,-0.040131,-0.15183,0.22507,0.07248,0.057221,0.0206
-0.061494,-0.52995,-0.043793,-0.28733,0.065156,0.049287,0.045014,0.0038148
-0.04593,-0.55802,-0.05417,-0.33768,-0.010529,0.033112,0.041047,0.035248
-0.03769,-0.08957,0.016327,0.02182,-0.058442,-0.0016785,0.0086976,0.032807
-0.024872,0.14115,-0.057221,-0.033722,0.0016785,-0.0071717,-0.0041199,-0.0041199
-0.032502,0.14969,-0.10513,-0.31144,-0.076143,-0.022126,-0.0044251,-0.0086976
-0.062104,0.029755,-0.15244,-0.6453,-0.14145,-0.034943,-0.0080873,-0.011444
-0.043183,0.041657,-0.17655,-0.14206,-0.1738,-0.066377,-0.073091,-0.059663
-0.025483,0.011139,-0.052949,-0.18509,-0.25498,-0.07126,-0.056916,-0.053864
-0.0047303,0.032502,-0.073091,0.10819,-0.11521,-0.022736,-0.0035096,-0.025177
0.023041,0.085298,-0.075837,0.23606,0.013581,0.0080873,0.025788,0.0016785
0.040436,0.15427,-0.074617,-0.12436,0.056306,0.045319,0.033417,0.048981
-0.0080873,0.053559,-0.041962,-0.19486,0.014801,0.034638,0.032807,0.052338
-0.016632,-0.034028,-0.034028,-0.15396,0.046845,0.014191,0.0056458,0.002594
0.014191,-0.10758,-0.025788,-0.15457,0.10575,0.019074,0.0038148,-0.022126
0.037079,-0.069429,-0.014801,-0.121,0.18082,0.035248,0.041047,0.015717
-0.027619,-0.037385,0.010529,-0.12436,0.29953,0.093843,0.086824,0.068208
-0.06302,-0.088655,-0.040742,-0.15061,0.23911,0.085298,0.077668,0.068208
-0.020294,-0.092012,-0.058747,-0.27726,0.12497,0.041047,0.0099184,0.016938
-0.02884,-0.09659,-0.028534,-0.11246,-0.081331,0.025483,0.012055,0.020905
-0.02884,0.025177,-0.032197,0.13321,-0.044404,0.014801,0.0028992,0.045624
-0.051728,0.0080873,-0.1088,-0.021515,-0.025483,0.00015259,0.0035096,0.080415
-0.039521,0.022736,-0.084382,-0.17899,-0.11734,-0.027008,-0.0044251,0.061494
0.010834,0.13077,-0.15885,-0.24949,-0.13016,-0.018769,-0.002594,0.024262
-0.0206,0.064546,-0.09659,-0.28733,-0.24216,-0.04593,-0.024567,0.011139
-0.0795,0.25956,-0.068513,-0.28946,-0.25834,-0.088655,-0.077058,-0.028534
-0.1323,0.20279,-0.053864,-0.29374,-0.12833,-0.033112,-0.049897,-0.049592
-0.20279,0.34409,-0.039216,-0.014191,0.026093,-0.0077821,-0.020905,-0.049897
-0.15427,0.31968,-0.10239,-0.024872,0.17136,0.019074,0.029145,-0.039216
-0.068818,0.1146,-0.0383,-0.16251,0.02884,0.015106,0.010834,-0.042573
-0.29343,-0.39567,-0.034028,-0.17929,0.094148,0.010224,-0.0080873,-0.027008
-0.11734,-0.81529,0.069123,0.072786,0.16831,0.045624,0.030365,-0.057527
0.14267,-0.65904,-0.099031,-0.13443,0.22934,0.020905,-0.0022889,-0.14023
0.25132,-0.36179,-0.10483,-0.044099,0.22477,0.02884,0.043488,0.046845
0.62699,-0.016327,-0.023651,0.086824,0.08957,0.066377,0.083772,0.10788
0.099641,0.028534,-0.0028992,-0.1445,0.094148,-0.0099184,0.071565,0.14237
0.069429,-0.28855,-0.017548,-0.14939,-0.023346,0.0041199,0.057527,0.12436
0.027314,-0.32395,-0.064546,-0.168,-0.076143,-0.0013733,0.002594,0.084077
-0.13138,-0.11398,-0.096284,-0.17899,-0.073396,0.027008,0.030365,0.17716
-0.12253,-0.46281,-0.10697,-0.24033,-0.069734,0.013886,-0.018158,0.099641
0.020905,0.081941,-0.095979,-0.17533,-0.15549,-0.012055,-0.0383,-0.0090028
0.07248,0.28916,-0.088655,-0.13382,-0.24247,-0.043488,-0.048371,-0.060578
0.013886,0.40879,-0.066377,-0.11948,-0.16373,-0.03006,-0.035859,-0.045624
-0.092317,0.47654,-0.078279,-0.18357,-0.058747,-0.034943,-0.036774,-0.039826
-0.22721,-0.0035096,-0.062104,-0.14298,0.0028992,-0.011139,-0.015106,-0.068208
-0.21042,-0.63859,-0.07126,-0.16129,0.055695,0.017853,-0.0083925,-0.047761
-0.12863,-0.46647,-0.049287,-0.16373,0.049897,0.026703,-0.0010681,-0.029755
-0.083467,0.031586,-0.022431,-0.10178,0.099641,0.026398,0.045014,0.037079
-0.021515,0.37064,0.018463,-0.08072,0.15793,0.033112,0.04593,0.016022
-0.037385,0.33646,-0.014191,-0.12192,0.28641,0.052338,0.045624,0.0028992
-0.052033,-0.01297,0.014191,-0.099031,0.22446,0.088655,0.07187,0.024262
-0.042573,-0.1564,-0.036774,-0.10575,0.080415,0.069429,0.055085,0.019379
-0.073701,-0.13046,-0.084077,-0.19181,0.06363,0.044709,0.033417,0.0047303
-0.087129,-0.023346,-0.084077,-0.2089,-0.0068666,0.028229,0.013886,-0.019379
-0.064851,0.034028,-0.093538,-0.18082,-0.068513,-0.034333,-0.0022889,-0.034943
-0.041047,-0.048981,-0.030365,-0.11032,-0.11246,-0.049287,-0.013275,-0.053864
-0.04654,-0.070954,-0.1091,-0.40299,-0.16037,-0.0068666,-0.0068666,-0.022736
-0.13443,-0.00015259,-0.15854,-0.6157,-0.19883,-0.037079,-0.026398,0.0047303
-0.12955,0.0041199,-0.10239,-0.12314,-0.25467,-0.095979,-0.091402,-0.065766
0.1445,0.099641,-0.043793,0.32578,-0.099336,-0.06363,-0.071565,-0.10788
-0.025788,0.019379,-0.066377,0.61448,-0.012055,0.03006,0.040436,0.069734
-0.064546,0.068513,-0.040742,0.20371,0.14694,0.05478,0.067903,0.15885
-0.095064,0.043488,-0.095979,-0.24002,0.07248,0.02945,0.026093,0.037079
0.0041199,0.019379,-0.070649,-0.52384,0.03769,0.010834,0.0019837,0.002594
0.262,0.18387,-0.0019837,0.17624,0.067903,0.015412,0.011139,-0.0053407
0.19089,0.15518,0.040131,0.11002,0.14664,0.05478,0.049287,0.14694
0.019989,0.15946,-0.0013733,-0.23178,0.34989,0.087434,0.068513,0.16037
-0.0086976,-0.15793,-0.042573,-0.29709,0.17288,0.036469,0.03006,-0.025177
-0.013581,-0.41794,-0.065766,-0.22599,0.023651,0.041657,0.017853,-0.011444
-0.052949,-0.049897,-0.034638,-0.13931,-0.031586,0.043488,0.039826,0.059968
-0.11154,0.07126,-0.052338,-0.11337,-0.042878,0.0077821,0.019989,0.02121
-0.12772,-0.034028,-0.069123,-0.19089,-0.016327,-0.0077821,-0.0074769,-0.019684
-0.19242,-0.34958,-0.094148,-0.14908,-0.074006,-0.016938,-0.030976,-0.042878
-0.1973,-0.42191,-0.066987,-0.22507,-0.095979,-0.0056458,-0.019074,-0.077363
-0.13626,-0.41642,-0.12497,-0.22385,-0.28397,-0.058442,-0.048676,-0.067903
-0.048981,-0.056916,-0.11429,-0.19913,-0.24918,-0.056001,-0.077058,-0.043488
-0.033722,0.10666,-0.13565,-0.22995,-0.052033,-0.033417,-0.041657,-0.059358
0.052033,0.16251,-0.11063,-0.28916,0.022126,-0.021515,-0.0044251,-0.019074
0.15824,0.20523,0.037995,-0.2092,0.06363,0.030976,0.017853,0.024262
-0.056001,0.014191,-0.072786,-0.14176,0.018158,0.043183,0.033722,0.084077
0.049897,0.005951,-0.026093,-0.11551,0.090791,-0.0077821,0.0047303,-0.0071717
0.21958,0.016632,0.014496,-0.0010681,0.15213,0.030976,0.066377,0.027314
0.019684,0.055695,0.015717,-0.012665,0.19059,0.061494,0.084688,0.12985
-0.029755,0.20676,-0.046845,-0.096895,0.29129,0.073091,0.043488,0.075227
-0.0019837,0.16739,-0.019684,-0.14176,0.14176,0.05417,0.025177,-0.00015259
-0.051728,-0.082246,-0.036774,-0.14115,-0.013275,0.049287,0.0383,0.053254
0.080415,-0.31266,-0.034028,-0.11521,-0.00076295,0.019379,0.034333,0.051423
-0.16312,-0.28824,-0.07187,-0.034638,-0.014191,0.013275,0.035248,0.05539
-0.19272,-0.05539,-0.099336,-0.056306,-0.049897,-0.02945,-0.011139,-0.0206
0.035554,0.058137,-0.12497,-0.23728,-0.14725,-0.044404,-0.055695,-0.11551
0.074617,0.20188,-0.12039,-0.23697,-0.15274,-0.02945,-0.041962,-0.065156
-0.07187,-0.060578,-0.082856,-0.18112,-0.2797,-0.061799,-0.02121,0.017243
-0.11612,-0.533,-0.074311,-0.16892,-0.13809,-0.048371,-0.039216,0.0032044
-0.1326,-0.098726,-0.083162,-0.13138,-0.05478,-0.0028992,-0.0074769,-0.040436
-0.1857,0.10025,-0.084688,-0.17899,0.016022,-0.013581,-0.011444,-0.031281
-0.18265,0.21653,-0.090181,-0.15671,0.031281,-0.02182,-0.027008,-0.070039
-0.14542,0.08011,-0.012665,-0.20005,0.031281,0.00015259,-0.022126,-0.1146
0.17777,-0.092927,-0.015412,-0.085908,0.16648,0.049592,0.005951,-0.050507
0.22599,0.065461,0.0074769,0.034028,0.18692,0.050813,0.041657,0.029145
-0.18723,0.099641,-0.0099184,-0.072175,0.20981,0.077668,0.082856,0.20951
-0.11704,0.35996,-0.013581,-0.11154,0.25711,0.08835,0.092622,0.11063
0.077363,0.17136,-0.080415,-0.20127,0.11154,0.031281,0.05417,0.053559
-0.057221,-0.61204,-0.046845,-0.095674,-0.0071717,0.009308,0.031586,0.089265
0.32883,-0.47471,-0.037995,-0.063325,-0.074922,-0.0077821,0.020294,0.019074
0.11704,-0.33707,-0.056306,-0.082551,-0.035248,0.0053407,0.023957,0.058442
-0.10452,-0.06363,-0.04654,-0.1619,-0.051118,0.0083925,0.0099184,0.12009
0.041352,-0.18753,-0.13046,-0.19944,-0.12802,-0.025177,-0.050813,-0.019379
-0.074006,-0.072175,-0.11826,-0.24613,-0.18173,-0.024872,-0.050507,-0.031586
-0.19821,-0.0795,-0.103,-0.15091,-0.24979,-0.051423,-0.034638,-0.0053407
-0.038605,0.045624,-0.085908,-0.18814,-0.10513,-0.041047,-0.030976,-0.070039
0.043488,0.21195,-0.049287,-0.14267,-0.037079,-0.018769,-0.0062562,-0.059052
-0.15854,0.026398,-0.096895,-0.10575,0.039521,0.0065614,0.028229,0.035554
-0.18723,-0.15854,-0.034028,-0.25803,0.026093,0.026093,0.02884,0.035248
-0.14084,0.20066,-0.0080873,-0.26993,0.073701,0.032197,0.012055,-0.020905
-0.15396,0.21744,0.040436,-0.12436,0.12436,0.041657,0.035554,0.0090028
-0.068208,-0.22293,-0.049287,0.34104,0.17838,0.013886,0.040131,0.0071717
0.030365,-0.11826,-0.096284,-0.020905,0.35843,0.037385,0.044404,-0.034943
0.1442,0.10605,-0.036469,-0.23301,0.18021,0.070649,0.048066,-0.0083925
0.12284,-0.067597,-0.076448,-0.36484,0.049287,0.066682,0.035248,0.028229
0.13535,-0.15274,-0.046845,-0.17472,-0.032807,-0.0071717,-0.00076295,-0.022431
0.033112,-0.098726,-0.035554,0.05478,-0.062104,0.022431,0.045014,0.05539
-0.067292,0.018463,-0.023651,0.14817,-0.030671,0.025483,0.039216,0.075837
0.11093,0.0053407,-0.043183,-0.21622,-0.057832,-0.026093,-0.026703,0.0028992
0.0056458,-0.08957,-0.17655,-0.40299,-0.15335,-0.053864,-0.038605,-0.017243
-0.031586,0.026093,-0.16312,-0.17411,-0.30289,-0.057221,-0.026398,0.0041199
-0.037385,0.16312,-0.034028,0.0077821,-0.22416,-0.042267,-0.0383,-0.035859
-0.084077,0.10575,-0.042267,-0.24033,-0.05539,-0.00015259,0.0096132,0.022736
-0.12375,-0.030671,-0.077058,-0.053254,0.039216,0.010224,0.0032044,0.059358
-0.0053407,0.063325,-0.08835,0.10208,0.06302,-0.0074769,-0.034943,-0.020294
-0.0090028,0.0080873,-0.049897,-0.10758,0.061799,0.023346,0.017243,0.033722
-0.077363,-0.1146,-0.005951,-0.33951,0.095979,0.033112,0.040436,0.067292
-0.11765,-0.262,0.056001,-0.262,0.10361,0.010529,0.012665,-0.0096132
-0.041352,-0.063325,-0.014801,-0.29038,0.23911,0.033112,0.0013733,-0.05478
-0.011139,0.16587,-0.031891,0.40085,0.392,0.062409,0.043183,-0.037385
-0.08835,0.037079,-0.073091,0.14908,0.15183,0.047456,0.066072,0.017853
-0.17411,-0.40482,-0.059358,-0.47837,-0.0013733,0.02945,0.023957,0.022736
-0.20249,-0.21592,-0.024567,0.027924,-0.1033,0.005951,0.005951,-0.019074
-0.10178,-0.14969,-0.057832,0.04715,-0.064546,0.025483,0.034028,-0.015106
-0.14939,-0.39506,-0.083467,-0.089265,-0.041657,0.050507,0.051728,0.044404
-0.002594,0.14054,-0.10056,-0.16587,-0.11917,-0.0080873,0.0050355,0.0071717
0.073701,0.016632,-0.13169,-0.24033,-0.15671,-0.041962,-0.029145,-0.050507
0.10361,0.1677,-0.15915,-0.40269,-0.26383,-0.066072,-0.018463,0.043793
0.10758,0.23117,-0.053864,-0.41825,-0.20615,-0.062104,-0.0206,0.0013733
0.21469,-0.10941,-0.048371,-0.28946,-0.081941,-0.0074769,-0.010834,0.0074769
0.10575,0.11063,-0.044099,-0.13077,0.049592,0.00076295,-0.016632,0.050507
-0.030365,0.24125,-0.0022889,-0.10361,0.068208,0.022431,0.0028992,0.092317
-0.084382,-0.013581,-0.050507,-0.23362,0.053864,0.0065614,-0.0071717,-0.018463
-0.14664,-0.036164,-0.039826,-0.23026,0.12406,0.016327,0.014191,-0.0010681
-0.15793,-0.0077821,0.017243,0.37522,0.094453,0.019989,0.018769,-0.014801
-0.28489,-0.33707,-0.034943,0.043183,0.30991,0.048676,0.039521,-0.05539
-0.21408,-0.59037,-0.0795,0.035859,0.29953,0.082246,0.074006,-0.030976
-0.1912,-0.094453,-0.011749,-0.1735,0.094759,0.00015259,-0.0035096,-0.067292
-0.066987,0.14817,-0.042573,-0.17685,0.014801,0.010834,0.009308,-0.028534
0.14267,0.68284,-0.062104,-0.26169,-0.033722,0.0071717,0.043793,0.06363
0.3331,0.54337,-0.052033,-0.25895,-0.11612,0.03006,0.04654,0.1387
0.38499,-0.31693,-0.075227,-0.23026,-0.057527,0.016022,0.0047303,0.043488
0.25589,-0.20096,-0.12894,-0.20981,-0.10208,-0.026093,-0.033722,0.030976
-0.012055,-0.3447,-0.10758,0.019684,-0.19699,0.012055,-0.023651,0.068513
-0.24125,-0.99901,-0.099641,-0.15518,-0.23331,-0.033722,-0.039826,-0.0019837
-0.20645,-0.21775,-0.081025,-0.17746,-0.12314,-0.027619,-0.023346,-0.0053407
-0.13077,0.16403,-0.057221,-0.15854,-0.017548,-0.016022,-0.0090028,0.00076295
-0.013581,0.6453,-0.072786,-0.14878,0.02884,-0.031586,0.015412,-0.0056458
-0.002594,0.66331,-0.061799,-0.1384,0.026703,0.0090028,0.027619,-0.0090028
-0.06363,-0.077363,-0.03769,-0.18997,0.062409,0.014496,0.010834,0.00076295
-0.065156,-0.73686,0.02945,-0.1735,0.10575,0.034028,0.016938,-0.028229
0.13169,-0.54429,0.0019837,-0.168,0.17868,0.010834,0.0032044,-0.057221
-0.11948,-0.32395,-0.068208,-0.10239,0.29557,0.031586,0.048066,0.060578
-0.18235,-0.033722,-0.0080873,0.16953,0.24063,0.1091,0.10178,0.12863
0.040131,0.16434,-0.08011,0.011444,0.09781,0.10605,0.055085,0.043488
0.10636,0.09781,-0.028229,-0.098421,-0.0056458,-0.0068666,0.0038148,0.02182
-0.041352,0.054475,-0.057832,-0.16312,-0.062104,-0.0096132,0.024262,0.081331
0.022736,0.262,-0.084382,-0.23331,-0.047761,-0.015106,-0.0053407,0.0016785
0.029755,0.3093,-0.095979,-0.26108,-0.13046,-0.025788,-0.0383,-0.029145
0.033722,0.39689,-0.10544,-0.25681,-0.16983,-0.0099184,0.024872,-0.017548
-0.016327,0.28428,-0.08072,-0.40452,-0.22812,-0.0013733,-0.015717,-0.020294
-0.13077,0.04593,-0.07126,-0.41032,-0.21408,-0.059052,-0.06363,-0.038605
-0.22721,-0.45609,-0.12161,-0.058137,-0.10819,-0.052949,-0.045624,-0.053254
-0.20035,-0.99382,-0.073091,0.28611,0.013886,-0.040131,-0.022431,-0.089265
-0.077363,-0.2501,-0.057832,-0.03769,0.10971,0.034028,0.015106,-0.024872
-0.086824,-0.067597,0.012055,-0.14664,0.039826,0.067597,0.034028,0.030365
0.030365,-0.045624,0.0056458,-0.19913,0.060578,0.0071717,-0.0010681,-0.014191
0.11063,0.29862,0.017548,-0.23514,0.20371,0.033417,0.041962,-0.0010681
-0.044709,0.21927,-0.078279,-0.39017,0.24613,0.050202,0.069429,0.075532
-0.22873,-0.19852,-0.10056,-0.58213,0.25956,0.074922,0.046235,0.026703
-0.23545,-0.10147,-0.10361,0.29252,0.088045,0.025177,0.022736,-0.05478
-0.13382,0.28,-0.01297,0.94713,0.052338,-0.046235,-0.015412,-0.0795
0.041962,-0.052949,-0.057221,-0.06363,0.041352,0.024872,0.042267,0.034028
0.25742,-0.48478,-0.07126,-0.47837,-0.082856,0.051728,0.072175,0.07126
0.35447,0.0022889,-0.034638,-0.5333,-0.090181,0.005951,0.035248,0.11429
0.14115,0.28336,-0.0972,-0.33066,-0.1326,-0.016022,0.009308,0.13107
-0.02121,-0.056306,-0.094148,-0.14908,-0.17075,-0.031891,-0.050813,-0.00045777
-0.02945,0.0099184,-0.11429,0.076143,-0.26078,-0.010834,-0.033722,0.024262
-0.12222,0.29679,-0.14664,0.23148,-0.1384,-0.027314,-0.010224,0.058442
-0.14633,-0.11368,-0.036469,-0.27726,-0.039216,-0.017548,-0.012055,-0.0013733
-0.078279,-0.14389,-0.017548,-0.1796,0.0047303,0.026398,0.0099184,-0.028229
0.072175,-0.16556,-0.046845,-0.044404,0.066682,0.021515,0.0041199,-0.053559
0.040436,-0.019379,-0.044709,-0.045624,0.081941,0.014191,0.023957,0.025177
-0.059663,-0.0044251,-0.07248,-0.19577,0.099947,0.0028992,0.012055,0.023346
-0.069429,0.018463,-0.0077821,-0.11887,0.121,0.0083925,0.019074,-0.018463
-0.099031,0.034638,0.019989,-0.13535,0.24002,0.037079,0.056306,0.0047303
-0.15152,0.037995,-0.010529,-0.14755,0.25559,0.082856,0.072175,0.045319
-0.061494,0.039521,-0.024872,-0.095369,0.14206,0.073396,0.039216,0.025483
-0.073701,-0.063325,-0.064546,-0.15946,0.015412,0.049287,0.0071717,-0.0032044
-0.12222,-0.25772,-0.048981,-0.17807,-0.074617,0.015412,0.0016785,-0.0206
-0.087739,-0.13413,-0.084077,-0.18601,-0.04593,-0.0068666,-0.0019837,-0.032807
-0.039826,-0.0019837,-0.04715,-0.1561,-0.055085,-0.015106,-0.00045777,-0.041047
0.046235,0.11917,-0.12741,-0.23392,-0.14786,0.00015259,0.018158,-0.03769
-0.015106,-0.095674,-0.092927,-0.26047,-0.19089,-0.015717,-0.0013733,-0.015106
0.086824,-0.34562,-0.066072,-0.16587,-0.26688,-0.08835,-0.067292,-0.023041
0.46036,0.017548,-0.077363,-0.25681,-0.11978,-0.08072,-0.049592,-0.049897
0.078584,-0.042573,-0.10117,-0.1207,-0.032197,-0.013581,0.035859,0.22141
-0.11398,0.061799,-0.10452,0.04654,0.089876,0.019074,0.028229,0.16464
-0.17472,0.0206,-0.058442,-0.031281,0.061189,-0.010224,-0.017548,-0.028229
-0.10575,0.16403,-0.022126,-0.32822,0.061494,-0.012665,0.0071717,-0.0044251
-0.14176,-0.01297,0.00015259,-0.36423,0.10819,0.031586,0.05539,0.0077821
-0.10849,-0.076143,0.0071717,0.073396,0.17502,0.05478,0.04715,-0.01236
-0.098421,-0.059358,0.0086976,0.033112,0.3209,0.058747,0.052033,-0.0062562
-0.059663,-0.08835,-0.041047,0.24674,0.2208,0.076753,0.052949,0.031281
-0.04593,0.03769,-0.0383,0.098726,0.15885,0.070649,0.053254,-0.002594
0.0074769,0.070344,-0.049897,-0.0041199,-0.041962,0.03006,0.0096132,0.0013733
0.04715,-0.14054,-0.074617,-0.15976,-0.06363,0.026703,0.0013733,0.0080873
-0.034333,0.027314,-0.069123,-0.30442,-0.02945,-0.0077821,0.02121,-0.0022889
0.015106,0.098726,-0.067903,-0.29221,-0.13199,-0.029145,-0.0086976,-0.00076295
-0.030671,-0.0099184,-0.098116,-0.28367,-0.12314,-0.039216,-0.031586,-0.03769
0.025177,0.37888,-0.13077,-0.26566,-0.24643,-0.047761,-0.039826,-0.022431
0.15549,0.15763,-0.11154,-0.22416,-0.26902,-0.0099184,-0.019074,0.035859
0.11398,-0.24247,-0.15274,-0.30594,-0.074617,0.0086976,0.005951,0.099947
-0.11826,-0.077363,-0.046235,0.056001,0.046845,-0.013581,-0.010834,0.11307
-0.22446,-0.1207,-0.023041,-0.019379,0.079194,0.0032044,0.025788,0.047456
-0.093843,-0.45823,-0.056306,-0.14755,0.054475,-0.0090028,0.023041,-0.019074
-0.087739,-0.71275,-0.07126,-0.14481,0.084382,0.01236,-0.0056458,-0.063935
-0.028229,-0.31693,0.039826,-0.081331,0.053864,0.058137,0.059358,0.0077821
-0.033417,-0.29343,0.005951,-0.12589,0.22751,0.086824,0.057527,-0.0053407
-0.14969,-0.65476,-0.012055,-0.11734,0.31815,0.08072,0.025788,-0.035554
-0.037385,0.033722,-0.022126,-0.11063,0.13779,0.044709,0.02945,-0.066682
0.12833,0.30076,-0.062715,-0.15763,0.045624,0.054475,0.026703,-0.048371
0.10575,0.30564,-0.030365,-0.024567,0.023041,0.026093,0.027008,0.0080873
-0.0068666,0.28397,-0.068818,-0.10056,-0.063325,-0.021515,-0.013581,0.029755
-0.062104,0.2797,-0.094148,-0.19577,-0.065156,0.0077821,-0.015717,-0.010834
-0.13779,0.1976,-0.11246,-0.19364,-0.098421,0.0083925,-0.00015259,-0.025177
-0.10605,0.096284,-0.10758,-0.22538,-0.18875,-0.025788,-0.00045777,0.026093
0.11856,-0.098726,-0.10452,-0.30838,-0.27756,-0.04654,-0.012055,0.016938
-0.093843,-0.34195,-0.045624,-0.28794,-0.15549,-0.037079,-0.012665,0.068208
-0.090181,-0.068818,-0.055085,-0.090791,-0.065461,-0.0041199,0.02121,0.10422
-0.012665,0.045319,-0.1146,0.10819,0.034028,0.0010681,-0.010834,-0.02884
-0.013275,0.22751,-0.074006,-0.1445,0.090791,-0.027008,-0.0022889,-0.04654
-0.092317,-0.06363,-0.039826,-0.17258,0.04593,-0.025177,-0.039216,-0.043183
-0.0028992,0.084382,0.0053407,-0.0062562,0.14115,0.018463,0.0032044,-0.022736
0.075532,0.36484,0.0065614,-0.10788,0.15122,0.024567,0.052949,0.023651
-0.042878,0.089265,-0.010224,-0.084993,0.25467,0.067597,0.057832,0.083772
0.011749,-0.24216,-0.053864,-0.11307,0.24216,0.087434,0.041047,0.031586
-0.01297,-0.34867,-0.061189,-0.096895,0.091402,0.055695,0.043793,0.049897
-0.04654,-0.28977,-0.048981,-0.081331,-0.010224,0.0090028,0.025788,0.043183
-0.1146,-0.34226,-0.024567,-0.095064,-0.067903,0.0028992,0.013581,0.062409
-0.12833,-0.21042,-0.079194,-0.14847,-0.019379,0.010224,0.013581,0.047761
0.11673,0.078584,-0.092622,-0.3093,-0.044709,-0.0028992,-0.016327,-0.041047
-0.047761,0.051423,-0.067292,-0.21317,-0.16464,-0.0053407,-0.0022889,0.013581
0.042267,0.24735,-0.15579,0.015717,-0.23087,-0.049287,-0.036774,-0.009308
0.06424,-0.13901,-0.080415,-0.019684,-0.25071,-0.055695,-0.054475,-0.039521
-0.10727,-0.15213,-0.055085,-0.15213,-0.097505,-0.02884,-0.027619,0.0071717
-0.11215,0.15457,-0.081331,-0.26352,-0.0074769,0.0028992,-0.011139,-0.036774
-0.038605,0.32059,-0.07187,-0.2974,0.052949,0.014496,0.0028992,-0.031281
0.0099184,0.43534,0.00015259,-0.2797,0.037385,0.023041,-0.0019837,-0.012665
0.02884,0.19181,-0.080415,-0.13901,0.071565,0.01236,0.014801,0.033417
0.18631,-0.11276,-0.029755,0.2388,0.13931,-0.0056458,0.027619,0.011444
-0.0090028,-0.29862,-0.013581,-0.11032,0.16587,0.017243,0.057527,0.082246
-0.042573,-0.01236,0.0022889,0.10239,0.29099,0.10483,0.10758,0.12528
-0.17166,-0.15702,-0.0099184,-0.035554,0.17288,0.076448,0.058442,0.04593
-0.2565,-0.64439,-0.04593,0.023041,0.072175,0.036164,0.025483,-0.002594
-0.16037,-0.60899,-0.083162,-0.27909,-0.037385,0.0086976,0.0019837,-0.10636
-0.043793,-0.084077,-0.08957,-0.41245,-0.04654,-0.019989,-0.010529,-0.095064
-0.062104,0.22354,-0.027924,-0.48722,-0.059968,-0.0050355,0.017548,-0.014191
0.038911,0.12955,-0.12711,-0.15946,-0.060578,-0.022126,-0.027008,-0.020294
0.073701,-0.060578,-0.086519,-0.10117,-0.093233,-0.040436,-0.039216,0.0032044
-0.20279,-0.39384,-0.083162,-0.34958,-0.24521,0.013886,0.020905,0.13931
-0.29526,-0.050202,-0.099336,-0.25834,-0.20706,-0.019684,-0.036774,0.025177
-0.14481,-0.15579,-0.13474,0.1735,-0.053254,-0.04715,-0.045014,-0.053254
0.02121,-0.40208,-0.06302,0.19944,-0.011139,-0.02182,-0.025483,-0.067292
0.18021,0.041657,-0.045624,0.11002,0.038911,0.034333,0.022126,0.017548
0.2858,0.5565,-0.038911,-0.16007,0.026703,0.0044251,0.011444,0.085298
0.14847,0.44846,-0.022736,-0.092927,0.050202,0.0038148,0.050507,0.15549
0.024872,0.28397,0.039826,-0.15763,0.18723,0.042878,0.07248,0.089265
0.0041199,-0.20462,-0.0074769,-0.25101,0.26322,0.033112,0.045014,-0.033417
0.069429,-0.42008,-0.065766,-0.018769,0.27359,0.052338,0.043793,-0.05478
-0.014801,0.0071717,-0.019989,-0.016938,0.12619,0.07126,0.039521,0.017243
-0.13352,0.022736,-0.048981,-0.21958,0.06302,0.064851,0.044404,0.069734
-0.11704,-0.088045,-0.034028,-0.038911,-0.031586,0.014191,0.024262,0.023957
-0.056611,0.061189,-0.099031,-0.27237,-0.022126,-0.0071717,-0.010529,-0.010529
-0.06302,0.1503,-0.090181,-0.29252,-0.075532,0.013886,-0.016938,0.0019837
-0.081636,0.25376,-0.0972,-0.262,-0.12955,-0.0099184,-0.022736,-0.024262
-0.054475,0.34745,-0.12375,-0.26963,-0.12619,-0.049287,-0.033417,-0.043183
-0.11643,0.0206,-0.044099,-0.18906,-0.32395,-0.058137,-0.048981,-0.012055
-0.0050355,-0.27939,-0.093538,-0.3093,-0.14939,-0.066377,-0.053559,-0.042878
0.050507,-0.40574,-0.07187,-0.27298,-0.045319,-0.034028,-0.012055,-0.015106
-0.12558,0.081941,-0.091096,0.1976,0.059358,0.0206,0.013886,0.069429
-0.10208,0.0086976,-0.088045,0.18051,0.085298,0.018463,0.023041,0.039826
-0.26291,-0.50858,-0.027924,-0.11307,0.011444,0.023346,0.045624,0.056306
-0.25986,-0.13596,0.0071717,-0.087739,0.085908,0.024872,0.016632,0.0047303
0.059663,0.21317,0.030976,-0.022736,0.1564,0.049287,0.02182,-0.053864
0.439,0.010529,-0.053864,-0.13779,0.31662,0.056916,0.043488,-0.06363
0.37552,-0.17502,-0.037995,-0.21836,0.26383,0.071565,0.07187,0.10147
0.31968,-0.19028,-0.0074769,-0.16312,0.073701,0.070954,0.055695,0.21866
0.10605,-0.23545,-0.032197,-0.095064,-0.010224,0.029145,0.039521,0.14237
-0.074922,-0.18479,-0.098421,-0.12467,-0.032197,-0.013886,0.0071717,0.038911
-0.16495,0.16342,-0.095064,-0.16007,-0.071565,-0.018769,-0.0206,-0.030976
-0.092317,0.48661,-0.058442,-0.18875,-0.11765,0.024567,-0.0047303,-0.02884
-0.13626,0.5095,-0.1146,-0.21622,-0.099336,-0.018769,-0.029755,-0.083772
-0.16617,-0.088655,-0.10452,-0.22202,-0.20615,-0.037995,-0.020294,-0.049287
-0.093843,-0.32639,-0.072786,-0.17502,-0.27237,-0.04715,-0.051423,-0.070649
-0.083467,-0.12253,-0.065156,-0.14054,-0.092927,-0.026093,-0.056001,-0.063935
-0.11154,-0.00076295,-0.078584,-0.12802,0.015106,-0.022736,-0.039826,-0.048676
-0.16403,-0.28092,-0.087129,-0.16251,0.049592,-0.030365,-0.0383,-0.058137
-0.058747,-0.064851,-0.050813,-0.10697,0.017548,-0.00015259,0.011139,-0.036469
0.0028992,-0.17288,-0.030976,-0.13535,0.058137,0.022431,0.045014,-0.026703
-0.010529,-0.29221,0.0035096,-0.053559,0.14389,0.059663,0.057221,0.030365
0.0071717,-0.21897,0.010529,-0.005951,0.17136,0.058442,0.037385,0.034028
-0.051118,0.02182,-0.016327,-0.12772,0.32639,0.060883,0.075227,0.084688
-0.065156,0.18784,-0.096284,-0.16526,0.21103,0.041047,0.077974,0.075837
-0.051118,0.26169,0.012055,-0.13169,0.036774,0.024567,0.059968,0.02945
-0.052033,-0.074617,-0.06424,-0.14878,-0.010834,0.041047,0.053254,0.023957
-0.12589,-0.70481,-0.08835,-0.10361,-0.065766,0.017853,0.025483,0.035248
-0.094453,-0.18631,-0.043793,-0.10239,-0.069429,-0.014801,-0.039521,-0.024567
-0.10178,0.13718,-0.070649,-0.11521,-0.09781,-0.012055,-0.029755,-0.037079
-0.12192,0.00045777,-0.12039,-0.11704,-0.077363,-0.0074769,-0.0041199,-0.030365
-0.12741,0.02945,-0.1033,-0.16922,-0.19699,-0.052338,-0.053864,-0.057221
-0.0028992,0.34928,-0.038605,-0.20584,-0.24826,-0.063935,-0.043488,-0.019379
0.19974,0.42039,-0.044404,-0.25223,-0.1326,-0.011139,-0.0056458,0.076448
0.21775,0.27481,-0.098421,-0.17868,0.0035096,0.0086976,-0.01297,0.048066
0.14267,0.051118,-0.13657,-0.094453,0.092012,0.055695,0.033417,0.08957
0.12711,-0.19181,-0.052033,-0.098726,0.04593,0.027314,0.023957,0.075227
0.074311,-0.57877,-0.062104,-0.17807,0.083162,0.010224,-0.00045777,0.005951
-0.01297,-0.27451,0.017243,-0.15152,0.1268,0.034028,0.012665,-0.002594
-0.028534,0.20584,-0.026398,-0.064851,0.23758,0.084688,0.023041,0.011444
-0.14633,0.035248,-0.0074769,0.25772,0.29404,0.064851,0.037995,-0.014801
-0.084077,0.035248,-0.011749,0.017853,0.13413,0.031281,0.045319,-0.0206
-0.082246,-0.06363,-0.034943,-0.11673,0.088045,0.00045777,0.016632,-0.0080873
-0.062104,-0.27146,-0.062104,-0.23209,-0.090791,0.0071717,0.021515,0.025483
-0.039826,-0.38163,-0.069429,-0.20554,-0.05539,0.014191,0.033722,0.016022
-0.059968,0.025788,-0.078584,-0.215,-0.054475,0.021515,0.02121,0.024872
-0.1677,0.30076,-0.09659,-0.20279,-0.099031,-0.013275,-0.0206,0.016632
-0.16373,0.29953,-0.12161,-0.27329,-0.14145,-0.0050355,-0.016327,-0.013275
-0.12345,0.25528,-0.12741,-0.23514,-0.31907,-0.035248,-0.028534,-0.06302
-0.15457,0.14755,-0.055085,-0.27024,-0.1973,-0.072175,-0.048371,-0.075227
0.21347,-0.23239,-0.045624,-0.046845,-0.045014,-0.048066,-0.055085,-0.08957
0.28214,-0.55375,-0.08011,0.05539,0.073701,-0.005951,0.002594,-0.0074769
0.086519,-0.26749,-0.07248,-0.15213,0.068513,0.052338,0.08835,0.26993
-0.041657,-0.1384,0.0096132,-0.19699,0.046235,0.051118,0.041047,0.19455
-0.015717,0.04593,-0.0062562,-0.34379,0.1384,0.0062562,-0.011139,0.027008
-0.14023,-0.2916,-0.074617,-0.10697,0.12772,0.0099184,0.011139,-0.014191
-0.1564,-0.20798,-0.040436,-0.36851,0.28092,0.022431,0.027619,-0.03769
-0.12589,0.3154,-0.059358,0.41917,0.15824,0.0041199,0.040436,-0.062715
-0.027008,0.22324,-0.0035096,0.31662,0.12863,0.033112,0.055085,-0.031281
-0.036469,-0.11978,-0.04654,-0.26413,0.081941,0.10483,0.058137,0.044404
-0.015106,0.030365,-0.0028992,-0.29007,-0.10941,0.030671,0.0056458,-0.013581
-0.0096132,0.0080873,-0.060883,-0.54276,-0.032197,-0.035554,-0.024872,-0.065461
-0.034638,0.12528,-0.094759,-0.19669,-0.053254,-0.042878,-0.041962,-0.056001
-0.25071,0.12833,-0.15061,0.27604,-0.13535,-0.051728,-0.012055,-0.0010681
-0.076143,0.34531,-0.092622,0.29343,-0.16892,-0.024872,-0.0035096,-0.027314
0.18326,0.027924,-0.10086,-0.29129,-0.21408,0.0065614,-0.018769,0.0035096
0.037995,-0.5388,-0.034638,-0.28092,-0.19211,-0.0090028,-0.014801,0.07187
0.2388,-0.52781,-0.089265,-0.09659,-0.019684,-0.018769,-0.026703,-0.00015259
0.24582,-0.13657,-0.078889,-0.1915,0.087434,0.00015259,0.019074,0.10452
0.0096132,0.16861,-0.036469,-0.35233,-0.016632,0.033417,0.023957,0.20768
-0.064851,0.11582,-0.06424,-0.19883,0.051118,0.039216,0.009308,0.013275
-0.18479,0.098116,-0.0206,-0.14176,0.10025,-0.0028992,0.015106,-0.0044251
-0.18723,0.27451,-0.0035096,0.20768,0.18875,0.005951,0.027619,0.002594
-0.17197,0.30167,0.018158,-0.03769,0.3563,0.083467,0.06424,-0.037385
-0.19089,-0.19455,-0.030976,-0.12314,0.21744,0.074922,0.062104,0.0010681
0.01297,-0.36545,-0.050507,-0.23941,0.11856,0.016632,0.0099184,-0.031891
0.24826,-0.28824,-0.025483,-0.17197,-0.074617,0.030365,0.02884,0.021515
-0.17227,-0.65385,-0.13352,-0.32761,-0.066987,0.015106,0.033417,0.11093
0.066682,-0.33066,-0.1033,-0.32029,-0.066072,-0.034333,-0.027619,-0.033112
-0.013581,0.17319,-0.064546,-0.20371,-0.18021,-0.02945,-0.028229,-0.030365
-0.15488,0.37461,-0.094759,-0.042878,-0.070954,-0.033112,0.0050355,0.053864
-0.033112,0.46036,-0.093538,0.037385,-0.15579,-0.011139,-0.026703,-0.06302
-0.0096132,0.30259,-0.070039,-0.34745,-0.21622,-0.00015259,-0.022126,-0.034333
-0.051728,-0.28428,-0.051118,-0.44297,-0.13138,-0.014801,-0.02884,-0.0056458
-0.044404,-0.32547,-0.10086,-0.24125,-0.0080873,-0.019684,-0.014191,-0.053254
-0.031281,-0.22751,-0.072786,0.5568,0.06363,-0.010224,-0.0022889,-0.041657
-0.078279,-0.15579,-0.038911,0.065156,0.093538,0.0065614,0.019684,0.0071717
-0.087434,0.058747,-0.041962,-0.20829,0.092012,0.030365,0.033722,0.027619
-0.01236,0.077974,0.0099184,-0.038605,0.053254,0.034943,0.027008,0.002594
-0.098116,-0.07187,0.041962,-0.089876,0.28,0.048981,0.042267,0.052949
0.025788,-0.10971,-0.05478,-0.19272,0.32395,0.061494,0.06424,0.014191
0.049897,-0.16037,-0.057832,-0.025177,0.11612,0.04654,0.037079,-0.030976
0.12039,0.075227,-0.048981,-0.14145,-0.01236,0.040742,0.020905,-0.002594
-0.11856,0.10361,-0.037079,-0.12131,-0.045624,0.02121,0.033112,0.0090028
-0.18936,0.028534,-0.14908,-0.25345,-0.0074769,0.0013733,0.016938,0.0053407
-0.14817,0.081941,-0.02182,-0.30228,-0.061494,-0.027314,-0.010834,-0.028534
0.11643,0.028229,-0.10513,-0.20096,-0.14664,-0.025483,0.010834,0.015412
0.25925,0.11826,-0.11704,-0.20981,-0.14664,-0.017548,-0.022126,0.06424
-0.069429,0.057221,-0.11032,-0.10544,-0.30411,-0.037385,-0.010529,0.15549
-0.15366,-0.13657,-0.070954,-0.14481,-0.11734,-0.047761,-0.029755,0.0206
-0.081941,-0.34836,-0.044709,-0.28824,-0.025483,-0.039216,-0.05478,-0.11307
-0.0071717,-0.034638,-0.096895,-0.34989,0.0032044,0.024872,0.015412,-0.062104
0.084688,-0.041352,-0.052033,-0.27604,0.05539,0.030976,0.025788,-0.0074769
0.103,-0.2623,-0.028229,-0.02884,0.056306,-0.013886,-0.0056458,0.0013733
-0.036469,-0.20432,-0.015412,0.33188,0.15305,0.030976,0.049287,0.079805
-0.020905,0.39628,0.028229,0.10605,0.19944,0.053254,0.045624,0.063935
-0.002594,0.5568,-0.012055,-0.14084,0.26413,0.079805,0.05539,0.045319
0.019074,-0.047456,-0.037995,-0.17166,0.22538,0.072175,0.043183,0.045624
-0.0010681,-0.31754,-0.067292,-0.20584,0.0795,0.049287,0.031891,0.034943
-0.049897,-0.041962,-0.052033,-0.21073,-0.012665,0.014496,0.025483,0.024262
-0.10422,0.028229,-0.049897,-0.15946,-0.049287,-0.0071717,-0.0044251,-0.0080873
-0.30594,0.11826,-0.081941,-0.18387,-0.043793,-0.0071717,0.013886,-0.034333
-0.46036,-0.62455,-0.077058,-0.2388,-0.17105,-0.02945,-0.0206,-0.077668
-0.19028,-0.83665,-0.092012,-0.3267,-0.1445,-0.02121,-0.040436,-0.11734
-0.052644,-0.42466,-0.095369,-0.34806,-0.16831,0.00015259,-0.0032044,-0.045014
0.15549,-0.095369,-0.1854,0.12924,-0.24521,-0.056611,-0.044404,-0.014496
0.042267,0.21378,-0.074006,0.56687,-0.1146,-0.10086,-0.057832,-0.052033
0.13291,0.32547,-0.0080873,-0.076448,0.035248,0.018463,0.024872,0.032807
-0.10147,0.3679,-0.076448,-0.34745,0.056306,0.05478,0.035859,0.059663
-0.10971,0.18204,-0.063935,-0.29374,-0.0022889,-0.011139,0.0065614,0.032807
0.18326,0.051118,-0.016632,-0.011139,0.077668,-0.0019837,-0.0206,0.011749
0.17868,-0.023346,0.052949,-0.16556,0.17868,0.0068666,0.024262,0.023957
0.12253,-0.24186,0.0080873,-0.22995,0.20249,0.072786,0.061494,0.08011
-0.034943,-0.42161,-0.017548,-0.092927,0.30655,0.079194,0.073701,0.086213
0.073396,0.081331,-0.1091,0.036774,0.1854,0.034333,0.056306,0.014801
-0.074006,0.1976,-0.068208,-0.079805,0.058137,0.01297,-0.0071717,-0.04654
0.025788,0.13016,-0.019684,-0.26291,-0.081941,-0.0028992,0.034333,-0.0096132
-0.12406,0.015106,-0.070039,-0.23972,-0.043183,-0.021515,0.028229,0.060578
0.039521,0.37797,-0.073396,-0.079194,-0.023651,0.002594,-0.012055,-0.0071717
-0.25132,0.3798,-0.10758,-0.0050355,-0.12345,-0.010224,0.00076295,-0.012055
-0.16159,0.47135,-0.098421,-0.29252,-0.13169,0.013886,0.025177,0.062104
-0.065156,0.52659,-0.058747,-0.27207,-0.29099,0.010529,-0.0053407,0.0038148
0.14145,-0.020905,-0.013886,-0.10239,-0.20462,-0.037995,-0.053864,-0.060578
0.18723,-0.93309,-0.21805,-0.11643,-0.05478,-0.061494,-0.041047,-0.036774
0.17136,-1.1138,-0.070344,-0.10849,0.0032044,-0.060578,-0.02945,0.05417
-0.062104,-0.72099,-0.018463,-0.20157,0.041352,-0.009308,0.049287,0.23331
-0.19944,-0.074922,-0.081331,-0.095674,0.061189,0.031281,0.06424,0.16922
-0.031586,0.34989,-0.038605,-0.1796,0.092012,0.055085,0.010834,-0.039216
0.043183,0.23026,0.040131,-0.015412,0.13169,0.030365,0.013581,-0.059358
-0.12802,-0.45304,-0.00015259,-0.12528,0.27634,0.025483,0.0090028,-0.047456
-0.11551,-0.26261,-0.038911,-0.10086,0.33677,0.088655,0.050507,-0.038605
-0.011444,0.094148,-0.040436,-0.041047,0.10605,0.047456,0.043183,-0.028534
-0.088045,0.15915,-0.034333,-0.14878,-0.0090028,0.01236,0.034333,0.061494
-0.081636,0.23056,-0.032502,-0.14206,0.014191,0.014801,0.032807,0.026703
-0.083772,-0.15152,-0.053254,-0.13382,-0.023346,0.027008,-0.0028992,-0.036469
0.18173,0.16373,-0.088045,-0.19364,-0.084077,0.015106,-0.0022889,0.012665
0.24308,0.57786,-0.11856,-0.21958,-0.12863,0.022736,0.016938,0.077363
-0.043488,0.48875,-0.082551,-0.25284,-0.15366,0.0013733,0.027619,0.12039
-0.13474,0.017853,-0.10208,-0.24369,-0.27146,-0.058137,-0.079194,-0.041657
-0.2153,-0.73381,-0.094453,-0.21012,-0.15885,-0.055695,-0.063935,-0.10575
-0.37797,-0.99474,-0.10544,-0.25101,-0.074922,-0.015412,0.040436,0.029145
-0.074006,-0.18143,-0.032197,0.0086976,0.030365,-0.0071717,-0.00076295,-0.067597
0.061189,-0.25498,-0.019684,-0.014801,0.051728,0.015106,-0.0096132,-0.061494
-0.015717,-0.056916,-0.054475,-0.32029,0.051118,0.045319,0.023957,0.059358
0.11032,0.32273,-0.049897,-0.20706,0.098116,0.022431,-0.0035096,-0.034943
0.086519,0.08011,-0.068513,-0.049287,0.12253,0.0050355,0.0086976,-0.071565
-0.065461,-0.12558,-0.024872,-0.15946,0.31052,0.046235,0.070649,0.052033
-0.052644,-0.34226,0.0062562,0.48081,0.26352,0.016632,0.059052,0.0019837
-0.016327,-0.16617,-0.0065614,0.53696,0.12894,0.057221,0.069429,0.036164
0.1091,0.41855,-0.057832,-0.21469,0.06363,0.13809,0.10147,0.11032
-0.046845,0.36728,-0.011444,-0.24918,-0.095369,0.06424,0.053559,0.066377
-0.10422,0.12345,-0.072786,-0.34531,-0.073701,0.0032044,-0.00045777,0.021515
-0.12955,0.12955,-0.081025,-0.37583,-0.08072,-0.042878,-0.049287,-0.044404
-0.075227,-0.067597,-0.21378,-0.17655,-0.11582,-0.043793,-0.029145,-0.047761
-0.016632,0.02121,-0.14511,-0.29587,-0.21286,-0.053559,-0.01236,-0.023651
-0.20462,-0.12589,-0.039826,-0.23514,-0.2977,-0.054475,-0.027619,0.016938
-0.2797,-0.36912,-0.059968,-0.38865,-0.084077,-0.059358,-0.035554,-0.071565
-0.034943,-0.20981,-0.048066,-0.21225,-0.015412,-0.06363,-0.043183,-0.0972
0.033417,0.13748,-0.036469,0.18509,0.061799,-0.0383,-0.010834,-0.039826
0.092317,0.12314,-0.084382,-0.19577,0.045014,0.0065614,0.027008,0.03006
0.12467,0.055695,-0.055695,-0.009308,0.059358,0.031586,-0.011444,-0.036469
0.017243,0.26535,0.030976,-0.26413,0.10025,0.050202,0.033722,0.055085
-0.0090028,0.018158,-0.0035096,-0.13993,0.2092,0.059663,0.067597,0.091402
0.15946,-0.02884,-0.050507,0.61601,0.31632,0.013275,0.045014,0.019379
0.18235,-0.030671,-0.0053407,0.1503,0.19364,0.074311,0.089876,0.16007
-0.035554,-0.34012,-0.084382,-0.40269,0.06424,0.12375,0.10147,0.19516
0.01297,-0.25681,-0.046235,-0.1088,-0.046845,0.025177,0.0016785,0.025788
-0.035859,-0.11978,-0.0062562,-0.21897,-0.013275,0.0022889,0.0071717,0.025788
0.026703,0.014191,-0.14511,-0.27787,-0.041047,-0.02121,0.0035096,-0.0074769
-0.1146,-0.065766,-0.088655,-0.23575,-0.13413,-0.0090028,0.0035096,0.012055
-0.1619,-0.10697,-0.092622,-0.24979,-0.058747,0.010224,-0.024262,-0.025788
-0.031586,0.052338,-0.088655,-0.11368,-0.25956,-0.051423,-0.0972,-0.1265
-0.11032,-0.00076295,-0.086213,-0.10666,-0.26108,-0.06363,-0.069429,-0.023346
-0.060578,0.009308,-0.11643,-0.27909,-0.028229,-0.032807,-0.024262,-0.011139
-0.011444,0.091402,-0.035859,-0.31662,0.030976,-0.013886,-0.037079,-0.053254
-0.066072,0.051728,-0.066682,-0.15671,0.061494,0.049592,0.0065614,0.043183
-0.14664,-0.034638,-0.016327,-0.052338,0.057527,0.0083925,0.0041199,-0.0028992
-0.26352,-0.0041199,-0.076448,-0.074617,0.13291,0.020905,0.049592,-0.024262
-0.19425,0.022736,0.0074769,-0.086519,0.13107,0.063325,0.070039,-0.025177
-0.16159,-0.044709,0.013275,-0.12497,0.18967,0.083162,0.079194,-0.0028992
0.047456,0.031586,-0.016938,-0.11032,0.2858,0.085298,0.086519,0.026703
0.2681,-0.061799,-0.076143,-0.2855,0.11032,0.02884,0.035248,-0.017243
0.010834,-0.18631,-0.030671,-0.050202,-0.0068666,0.0383,0.045624,0.086519
0.16831,0.079805,-0.010529,0.047456,0.012055,0.029145,0.02182,0.084077
0.27054,0.33188,-0.036774,-0.12741,-0.032502,0.015106,0.016022,0.056306
-0.0028992,0.074006,-0.077363,-0.19059,-0.11002,-0.0041199,0.019684,0.14786
-0.21408,0.27024,-0.15702,-0.27298,-0.12558,-0.03006,-0.044404,0.023651
-0.23087,0.062104,-0.082856,-0.24338,-0.16648,-0.018158,-0.015412,-0.024872
0.017243,-0.14054,-0.042573,-0.21744,-0.27146,-0.045319,-0.038605,-0.060883
-0.082246,-0.44053,-0.10361,-0.30991,-0.14389,-0.038911,-0.02945,-0.016632
0.0047303,-0.78965,-0.12711,-0.27848,-0.055695,-0.019684,-0.021515,-0.028229
0.24613,-0.5388,-0.11246,-0.083467,0.060578,-0.040436,-0.023346,-0.06302
0.045319,0.34531,-0.082551,0.27695,0.061189,-0.035859,0.0032044,0.088045
0.048981,0.29374,0.016327,0.10727,0.079194,0.00015259,0.0053407,0.056001
-0.036469,0.12589,-0.022431,-0.15518,0.16464,0.049287,0.054475,0.027924
-0.041047,0.4506,0.034333,-0.13291,0.1146,0.035248,0.051728,0.048981
-0.099031,-0.094148,-0.019989,-0.095674,0.2681,0.040436,0.039826,-0.019379
-0.10575,-1.0146,-0.032197,-0.13718,0.2211,0.053254,0.027619,-0.070649
-0.099031,-0.71,-0.036774,-0.13138,0.065156,0.050813,0.024872,0.010834
0.027619,-0.22232,-0.043793,-0.16098,0.037385,0.042267,0.035554,0.025483
-0.078279,-0.046235,-0.058442,-0.16464,-0.054475,0.01236,0.020905,0.075532
-0.10513,0.052644,-0.065766,-0.11978,-0.047456,0.0099184,0.005951,0.043793
-0.081636,0.30533,-0.060273,-0.10513,-0.070039,-0.0080873,-0.0068666,-0.020905
-0.044709,0.29221,-0.13077,-0.22782,-0.069123,0.0032044,0.013581,-0.0041199
-0.027008,0.30381,-0.10239,-0.23789,-0.20371,-0.0099184,0.017548,0.03006
-0.024872,0.28244,-0.090486,-0.23148,-0.27787,-0.057832,-0.038605,0.012055
-0.019684,0.011749,-0.084077,-0.11582,-0.11368,-0.042267,-0.039826,-0.031281
-0.053254,-0.078584,-0.0795,-0.12894,-0.002594,-0.027008,-0.0083925,-0.014191
-0.05539,-0.066377,-0.076448,-0.20066,0.060578,-0.0016785,-0.016632,-0.019684
-0.085298,-0.048676,-0.018769,-0.15763,0.0099184,0.014191,-0.00045777,0.0032044
-0.025483,-0.049592,-0.045624,-0.052949,0.08957,0.02884,0.0010681,-0.014496
-0.027619,-0.11276,0.040742,-0.066377,0.14511,0.053559,0.023957,-0.0083925
-0.024262,-0.025483,-0.068513,-0.032502,0.15335,0.052949,0.062409,0.035248
-0.086824,0.017853,-0.013886,-0.045624,0.31571,0.073701,0.087739,0.029755
-0.075532,0.0206,-0.017548,0.033722,0.19974,0.044709,0.048066,-0.026703
0.015717,-0.046845,-0.048371,-0.11398,0.039826,0.010224,0.03006,-0.0086976
0.023041,-0.19455,-0.057221,-0.20279,-0.036774,0.014496,0.062104,0.060273
-0.06302,0.16007,-0.065766,-0.24582,-0.029755,0.010224,0.011749,0.02182
-0.10971,0.21256,-0.064851,-0.36637,-0.043793,0.010224,-0.0096132,-0.0083925
0.073701,-0.098726,-0.084688,-0.24704,-0.12467,-0.024262,-0.038911,-0.066682
0.016938,-0.0080873,-0.14847,-0.066987,-0.12711,-0.017243,-0.031586,-0.011139
-0.11704,-0.10544,-0.1088,-0.040436,-0.23423,-0.030976,-0.025483,0.083467
-0.10544,-0.31876,-0.065156,-0.12161,-0.21622,-0.027619,-0.060578,-0.0086976
-0.2385,-0.5919,-0.068513,-0.066682,-0.042573,-0.033112,-0.043183,-0.060883
-0.077058,-0.13993,-0.062104,-0.077058,0.039826,-0.017548,-0.0047303,-0.069429
0.086824,0.35752,-0.065766,-0.02884,0.052338,0.014801,0.0080873,-0.053559
0.262,0.66606,-0.049287,0.15122,0.047456,0.0013733,0.035248,0.037385
0.19547,0.7039,-0.030976,-0.050202,0.10147,0.037995,0.075532,0.16403
0.45914,0.38346,0.016327,-0.18143,0.10269,0.05417,0.062409,0.18082
0.064546,-0.91112,-0.019074,-0.20066,0.24155,0.05478,0.050507,0.11307
-0.14817,-0.79728,-0.019989,-0.24369,0.26017,0.078584,0.090486,0.14206
-0.04654,-0.12985,-0.0035096,-0.45487,0.1387,0.078889,0.061494,0.12711
-0.069734,-0.17594,-0.060578,-0.6746,0.029145,0.031586,0.033417,0.042267
-0.15274,-0.17746,-0.081331,-0.30137,-0.090181,-0.03769,-0.020294,-0.034333
-0.066072,-0.1738,-0.091402,1.0219,-0.044404,-0.046235,-0.051423,-0.11032
-0.068208,-0.081636,-0.078584,0.067597,0.013581,0.068818,0.0086976,-0.040742
-0.11398,0.037079,-0.078279,-0.73503,-0.14572,0.081025,0.034333,0.013275
-0.20645,0.03006,-0.1149,-0.10452,-0.18265,-0.032197,-0.028534,-0.04593
-0.14481,-0.034638,-0.10819,0.50431,-0.23148,-0.11826,-0.083772,-0.11185
-0.043183,0.1796,-0.075837,-0.088655,-0.13169,-0.032807,-0.023041,-0.047761
-0.031281,0.29435,-0.062715,-0.39292,-0.070039,0.022736,-0.01236,0.027924
0.035859,0.13931,-0.057832,-0.29038,0.015412,-0.0099184,-0.018769,-0.0019837
0.12802,0.18784,-0.030671,-0.11704,0.078279,0.0013733,0.005951,-0.0019837
0.049897,0.085603,-0.053254,-0.11063,0.093538,-0.0077821,0.027008,0.036774
-0.083467,-0.052338,-0.06302,-0.16495,0.085603,0.022431,0.04715,0.027924
-0.093843,-0.2443,0.024872,-0.06424,0.14511,0.038911,0.019684,-0.030976
-0.099947,-0.50584,-0.014801,-0.092622,0.30106,0.058442,0.040131,-0.018769
-0.079805,-0.26017,-0.044709,-0.18662,0.23178,0.055695,0.07187,0.021515
-0.019684,0.066682,-0.019989,-0.21408,0.093843,0.030365,0.027008,0.012665
0.059968,0.091096,-0.0090028,-0.20584,-0.01297,0.043183,0.02121,0.022126
0.082246,-0.059358,-0.058442,-0.14572,-0.077668,0.036469,0.0090028,0.034943
-0.074006,-0.030365,-0.046845,-0.14115,-0.028534,0.0071717,0.00045777,0.07187
-0.16434,0.068208,-0.15488,-0.34257,-0.11612,-0.019379,-0.020294,0.023346
-0.20737,0.30381,-0.088655,-0.22599,-0.10025,-0.045624,-0.031281,-0.059052
-0.22049,0.54582,-0.17807,-0.28916,-0.17014,-0.066987,-0.041657,-0.10208
-0.1561,0.21988,-0.083162,-0.17197,-0.30716,-0.087739,-0.094148,-0.12314
-0.22965,-0.27298,-0.041657,0.083467,-0.1445,-0.052033,-0.019684,-0.067903
0.026093,-0.20829,-0.065156,-0.0096132,0.081331,0.027314,0.061189,-0.034333
0.23758,-0.72374,-0.067292,-0.10575,0.023957,0.030365,0.061189,0.12253
0.2504,-0.50492,-0.046845,-0.019074,0.032197,-0.013581,-0.015412,0.065766
0.3386,0.14633,-0.018769,-0.17258,0.096284,0.023041,0.041962,0.10544
0.2327,0.055085,-0.020905,-0.084382,0.12284,0.041352,0.061799,0.16648
-0.012055,0.24674,0.017548,-0.00015259,0.17075,0.071565,0.057221,0.11582
-0.15305,0.24399,-0.073091,-0.1445,0.33097,0.081331,0.052033,0.019379
-0.15885,0.058747,-0.023651,-0.1796,0.1622,0.061189,0.046235,-0.035859
0.011749,-0.25559,-0.05417,-0.13901,0.05417,0.044099,0.025177,-0.022736
-0.15244,-0.50492,-0.040742,-0.24643,-0.0044251,0.030671,-0.0010681,-0.023651
-0.070954,-0.59159,-0.031586,-0.16342,-0.030976,0.028534,0.0050355,0.036774
-0.039826,-0.031586,-0.075227,-0.18784,-0.055085,0.020905,0.018769,0.030976
0.012055,0.24552,-0.10483,-0.20371,-0.087129,-0.023041,-0.012665,0.0056458
-0.040436,0.10513,-0.11917,-0.27115,-0.099031,-0.036164,-0.023041,-0.039826
-0.085908,0.029755,-0.072786,-0.22232,-0.27359,-0.059663,-0.034638,-0.034943
-0.3331,0.079805,-0.066987,-0.29587,-0.19669,-0.045014,-0.071565,-0.034333
-0.18296,0.18967,-0.10666,0.15122,-0.084993,-0.032197,-0.016632,-0.023346
0.13993,0.40177,-0.056916,0.20737,-0.0050355,-0.034943,-0.043183,-0.059358
0.33188,0.33555,-0.12528,-0.092317,0.095674,0.051423,0.019684,0.023041
-0.092012,-0.58152,0.023346,-0.054475,0.0206,0.05417,0.030976,0.067597
0.020905,-0.77806,-0.037995,-0.17197,0.095369,-0.0074769,-0.018463,-0.025177
0.18936,0.12833,0.0016785,-0.22904,0.15854,-0.0041199,-0.015717,-0.0383
-0.12253,0.081941,-0.0047303,-0.095064,0.14878,0.068818,0.07126,0.18723
-0.20005,-0.094453,-0.01236,-0.26963,0.30808,0.085603,0.079805,0.052033
-0.079194,0.015717,-0.062715,-0.24735,0.22141,0.028534,0.049287,-0.064851
0.10636,0.27237,-0.046235,0.027314,0.077974,-0.011139,0.014191,-0.053254
0.1091,-0.28183,-0.05478,0.12284,-0.12314,0.016022,0.019379,0.057221
-0.055695,-0.29862,-0.035859,-0.092317,-0.028229,0.035248,0.026093,0.089876
-0.27665,-0.1442,-0.0065614,-0.72465,-0.079194,-0.0056458,0.0038148,0.042267
-0.25528,-0.0056458,-0.13046,0.18662,-0.17868,-0.05417,-0.035554,-0.10697
-0.26139,0.28458,-0.22812,0.047761,-0.12772,-0.056306,-0.070039,-0.1323
-0.21103,0.13809,-0.12314,0.056001,-0.26749,-0.045014,-0.022736,-0.0090028
-0.022126,-0.33433,-0.068513,-0.21775,-0.20462,0.042267,0.023957,0.10666
0.23423,-0.4036,-0.025788,-0.18326,0.019379,0.040436,0.01297,0.037385
0.035554,-0.18814,-0.08957,-0.047456,0.055085,-0.039216,-0.033417,-0.016327
0.14847,0.19974,-0.04654,-0.10391,0.03769,-0.042267,-0.020294,-0.043488
0.6273,0.54582,-0.022126,-0.34073,0.02945,-0.021515,0.0028992,-0.015106
0.17258,0.47257,-0.01236,-0.42771,0.085603,0.037079,0.052033,0.16739
-0.32395,0.24521,0.012665,-0.26902,0.11093,0.042267,0.086824,0.19303
-0.2797,-0.41398,-0.019989,0.42802,0.31815,0.015106,0.031586,-0.082246
0.0038148,0.002594,-0.049287,0.13748,0.30777,0.056916,0.040436,-0.090791
-0.26719,0.10788,-0.052949,-0.24704,0.08011,0.069734,0.079805,0.12589
-0.22446,-0.092622,-0.01236,-0.37949,-0.032807,0.016022,0.048981,0.074006
-0.012665,-0.41032,-0.014191,-0.28519,-0.040436,-0.0047303,-0.01297,-0.092317
0.044404,0.005951,-0.10605,-0.22293,-0.015717,0.016327,0.0096132,-0.0010681
0.20371,0.42954,-0.058137,-0.14176,-0.069123,-0.016022,-0.0044251,-0.0022889
0.25895,0.29587,-0.14511,-0.31022,-0.1387,-0.023957,-0.049287,-0.028534
0.13931,0.16007,-0.10208,0.15152,-0.19059,-0.046235,-0.036774,0.00045777
-0.18845,-0.90043,-0.087129,0.085603,-0.2504,-0.041047,-0.040742,0.009308
-0.10117,-1.4824,-0.080415,-0.23331,-0.094759,0.002594,-0.029145,-0.050507
-0.33555,-0.38346,-0.081331,-0.23819,-0.040742,0.0068666,0.009308,0.075227
-0.020905,0.53483,-0.073396,-0.26505,0.02121,0.038911,0.039826,0.11154
0.13993,0.47196,-0.054475,-0.15122,0.03006,0.048066,0.020294,0.0071717
-0.094148,0.16922,-0.065766,-0.0065614,0.069429,0.046845,0.025788,0.047761
-0.10361,0.031891,0.023957,-0.056916,0.16281,0.021515,0.013886,-0.029755
-0.041657,0.29007,0.066072,-0.17136,0.21164,0.029145,0.019684,-0.091096
0.0032044,0.35477,-0.091096,-0.25437,0.26993,0.093538,0.070344,-0.022431
-0.082246,0.10666,-0.0019837,-0.18936,0.16037,0.058137,0.060578,0.023651
-0.028534,-0.27054,-0.084993,-0.12741,0.051118,0.034333,0.041047,0.017853
-0.06302,-0.4387,-0.043183,0.092317,-0.002594,0.009308,-0.0041199,-0.015106
-0.14237,-0.45151,-0.064546,0.26017,-0.040742,-0.0013733,-0.029755,-0.030365
0.050202,-0.52201,-0.055085,-0.23392,-0.041047,0.0062562,-0.0019837,-0.042573
0.10971,0.17594,-0.081331,-0.34836,-0.11704,-0.0028992,-0.022736,-0.072786
-0.071565,0.089876,-0.10758,-0.39017,-0.15763,-0.043183,-0.023651,-0.011139
0.21256,-0.27207,-0.12497,-0.28519,-0.25437,-0.042267,-0.015412,-0.012665
0.0096132,-0.15091,-0.092622,-0.13596,-0.19791,-0.04593,-0.026398,0.081331
-0.091707,0.17411,-0.14267,0.070954,-0.099031,-0.031281,-0.009308,0.15488
-0.24033,0.31846,-0.0383,-0.15,0.034028,-0.034333,-0.0071717,0.00076295
-0.5391,-0.12161,-0.027924,-0.17136,0.053864,0.00076295,0.019989,0.02884
-0.27726,-0.30625,-0.030976,-0.21317,0.065461,0.024262,0.0096132,-0.025788
-0.014496,-0.059358,-0.017548,-0.0972,0.097505,-0.005951,-0.027008,-0.11917
0.54093,0.12253,0.00076295,-0.022736,0.13626,0.036774,0.0035096,-0.039826
0.66239,0.13077,-0.018158,-0.074922,0.24552,0.051423,0.049287,0.12284
0.38315,0.1799,-0.0035096,-0.068208,0.21378,0.094453,0.06302,0.21653
-0.16068,0.04593,-0.025483,-0.38132,0.16403,0.079805,0.06363,0.18631
-0.2385,-0.026398,-0.059052,-0.43626,0.022126,0.031586,0.026703,0.0068666
-0.15946,0.056611,-0.056001,0.073091,-0.022126,-0.011444,-0.015717,-0.082856
-0.10422,0.0795,-0.074311,0.25589,-0.014191,-0.030365,0.0086976,-0.02121
-0.07187,-0.025483,-0.12528,-0.16098,-0.07187,0.036774,0.030976,0.010834
-0.15274,-0.14023,-0.121,-0.40696,-0.094148,0.044099,0.0090028,0.022736
-0.081025,0.051728,-0.068513,-0.14786,-0.18357,-0.037385,-0.030976,-0.078279
0.015412,-0.048981,-0.13169,0.23972,-0.2443,-0.11093,-0.070649,-0.11337
-0.11856,-0.14176,-0.099336,0.15305,-0.15549,-0.041657,-0.0019837,0.045624
-0.097505,-0.018463,-0.10208,-0.48905,-0.034638,0.0083925,-0.0022889,0.010834
-0.086824,0.051423,-0.035554,-0.29587,-0.023346,0.0086976,-0.03769,-0.06302
-0.051728,0.11978,0.012665,0.077363,0.042878,-0.039216,-0.032502,-0.053559
-0.057832,-0.069429,-0.04715,0.1915,0.14603,0.0032044,0.023346,-0.014191
-0.069734,-0.31571,-0.048676,-0.18265,0.17502,0.041047,0.05417,0.0019837
0.024262,-0.22873,-0.015412,-0.069734,0.02182,0.014191,0.041047,0.019074
-0.032502,-0.11429,-0.018463,-0.17716,0.3386,0.073091,0.076753,0.071565
-0.060883,0.21653,-0.01236,-0.18021,0.23362,0.069123,0.077974,0.069429
-0.026703,0.40665,-0.034638,-0.24308,0.07248,0.027008,0.025483,-0.028534
0.017243,0.51469,-0.043183,-0.1326,0.011749,0.060273,0.016632,-0.013275
0.10147,0.20645,-0.038911,-0.26688,-0.058747,-0.013275,0.021515,0.0080873
0.049592,-0.042878,-0.084993,-0.45701,-0.085908,-0.013275,0.014801,0.035859
-0.085908,-0.35355,-0.090181,-0.25986,-0.14725,-0.010224,-0.0032044,0.0090028
-0.098421,-0.54246,-0.13962,0.44694,-0.12467,-0.030365,-0.041657,-0.051118
-0.19242,-0.18936,-0.090486,-0.047456,-0.099947,0.016022,0.0013733,0.025788
-0.13931,-0.76921,-0.086519,-0.28519,-0.2565,-0.03769,-0.024262,-0.012665
-0.034333,-0.68467,-0.074617,-0.31205,-0.14969,-0.05417,-0.048676,-0.057527
0.024872,-0.1268,-0.0795,-0.13718,-0.013275,-0.0090028,0.0028992,0.026703
-0.028229,0.45212,-0.066377,-0.1387,0.057832,0.0028992,0.0071717,0.029145
-0.10239,0.16342,-0.038605,-0.15946,0.06302,0.005951,-0.014191,0.0056458
-0.041047,-0.14878,-0.038911,-0.18814,0.045319,0.026703,0.0065614,-0.028534
0.12009,-0.093538,0.0062562,-0.11521,0.1268,0.034943,0.044099,-0.0022889
-0.05539,-0.36393,0.015412,-0.12802,0.19547,0.040131,0.049287,0.047761
0.15549,0.0086976,-0.034638,0.12192,0.31846,0.057527,0.061494,0.088655
0.31266,0.32883,-0.048981,-0.11856,0.18753,0.05417,0.07187,0.081941
0.065156,0.10605,-0.030671,-0.29831,0.039826,0.062104,0.059052,0.15854
-0.20493,-0.16861,-0.056916,-0.42466,-0.034333,0.03006,0.011444,0.12284
-0.11429,0.087739,-0.037995,0.039826,-0.047456,-0.039521,-0.045014,-0.055085
-0.026703,0.18631,-0.070954,0.22843,-0.036774,-0.049897,-0.015106,-0.10178
-0.0206,0.12406,-0.089265,-0.1915,-0.087434,0.015106,0.025483,0.03769
-0.050813,0.033722,-0.11826,-0.41978,-0.14206,-0.0074769,-0.025483,0.0056458
-0.11704,-0.12619,-0.12772,-0.6273,-0.27787,-0.04593,-0.049592,-0.019684
-0.059663,0.035248,-0.103,0.22232,-0.21622,-0.081941,-0.06302,-0.090181
0.0068666,0.11246,-0.040742,0.30228,-0.056001,-0.06302,-0.031586,-0.078279
0.050202,0.10971,-0.088045,-0.1561,0.06363,0.032807,0.049592,0.049287
-0.033417,0.084382,-0.068818,-0.25437,0.067903,0.02884,0.02945,0.061494
-0.072175,0.10605,-0.020294,-0.074922,0.013581,-0.025177,0.0086976,0.0050355
-0.061799,-0.062715,-0.046845,-0.11185,0.11582,0.03006,0.025788,-0.015717
-0.056001,-0.066377,0.018158,-0.14755,0.12375,0.04715,0.0383,0.032197
0.011139,-0.048066,-0.040742,-0.25345,0.23178,0.041657,0.045624,0.041657
-0.031586,0.2388,0.013275,0.11246,0.29648,0.055085,0.059358,0.02884
-0.10422,0.20127,-0.052949,0.075532,0.1735,0.072786,0.059052,0.034333
-0.060883,0.18997,-0.081331,-0.24338,0.062409,0.080415,0.066682,0.041657
-0.13535,-0.02945,-0.026703,-0.0083925,-0.093538,0.016632,0.019684,0.017548
-0.13016,-0.58305,-0.082551,-0.11795,-0.085298,-0.0080873,0.025483,-0.020905
-0.22629,-0.79026,-0.036469,-0.18692,-0.065766,-0.02121,-0.0041199,-0.063935
-0.08011,-0.15549,-0.15549,-0.41947,-0.18296,-0.02121,-0.032807,-0.065461
0.10269,-0.34165,-0.10025,-0.24918,-0.14878,-0.0013733,-0.033722,-0.026703
0.2034,-0.10941,-0.13779,-0.1561,-0.23117,-0.041657,-0.059968,0.02182
0.053254,0.20005,-0.077058,-0.26108,-0.16403,-0.077058,-0.070954,0.0050355
0.11185,-0.46189,-0.050813,-0.2797,-0.092317,-0.019684,-0.025483,0.0077821
-0.087129,-0.29404,-0.017853,-0.074311,0.023651,0.02121,0.012665,0.057221
-0.070954,0.43015,-0.12284,0.14969,0.14176,-0.027008,-0.0010681,-0.025788
0.075532,0.69871,-0.029145,-0.026703,0.092012,-0.035554,-0.0022889,-0.048676
0.062409,-0.13809,-0.022736,-0.23758,0.10849,0.075532,0.058442,0.061799
-0.14694,-0.86564,-0.00015259,-0.093843,0.12802,0.048066,0.047456,0.098116
-0.10727,-0.0053407,-0.00045777,0.03006,0.32212,0.029145,0.047761,0.041352
-0.0013733,0.26932,-0.023651,-0.081331,0.26383,0.08896,0.086824,0.075227
-0.015412,0.023957,-0.0065614,-0.1326,0.081941,0.055085,0.049897,0.057527
-0.08896,0.23117,-0.065156,-0.22599,-0.009308,0.034943,0.039216,0.047456
-0.075837,0.28244,-0.033722,-0.33982,-0.063325,0.0062562,0.0056458,-0.027008
-0.079194,0.24643,-0.059052,-0.20432,-0.068513,0.012665,0.0050355,-0.021515
-0.0053407,0.11276,-0.099031,0.15732,-0.059358,-0.0077821,0.0010681,-0.022431
0.085908,-0.00076295,-0.14115,-0.0972,-0.087434,-0.039521,-0.0053407,-0.04715
0.053559,0.028534,-0.11948,-0.31388,-0.19089,-0.0090028,-0.026703,-0.013581
-0.043183,-0.12039,-0.061799,-0.30137,-0.30472,-0.058137,-0.04715,-0.035554
-0.17685,-0.63554,-0.081025,-0.41886,-0.14389,-0.032197,-0.016632,-0.00045777
-0.1146,-0.19455,-0.076143,-0.029145,-0.042878,-0.016938,-0.024872,-0.020294
0.090791,0.044709,-0.058442,-0.0206,0.085603,0.0044251,-0.018158,-0.060883
-0.0068666,-0.31357,-0.035859,0.10758,0.063935,0.002594,0.0077821,-0.027008
-0.11643,-0.46311,-0.039216,0.050813,0.059358,0.0044251,0.019989,0.046845
0.11154,0.13748,-0.046845,-0.35538,0.12558,0.049592,0.043183,0.052949
-0.10819,0.18051,0.022431,0.019989,0.16831,0.087434,0.039521,0.049897
-0.18723,-0.011749,-0.045014,0.13809,0.31052,0.06302,0.043793,0.0096132
0.12436,0.20005,-0.048066,-0.057221,0.21988,0.0083925,0.018769,-0.05539
0.022126,0.06363,-0.028229,-0.21408,0.044099,0.033417,0.036164,0.065156
-0.1561,-0.12284,-0.060883,-0.24338,-0.052644,0.034638,0.044099,0.1268
0.081331,0.072175,-0.027008,-0.15183,-0.064546,-0.0086976,0.029145,0.0019837
0.22782,0.23453,-0.090181,-0.090791,-0.024872,0.023041,0.037995,-0.016938
-0.018463,0.030671,-0.065766,-0.14847,-0.14328,0.012665,0.035248,0.081941
-0.12833,-0.25834,-0.15793,-0.25742,-0.081636,-0.0010681,0.013581,0.066682
0.012055,-0.14145,-0.12985,-0.34714,-0.22477,-0.068208,-0.050507,-0.05539
0.048066,0.035554,-0.020905,-0.25895,-0.25772,-0.086213,-0.06363,0.014191
0.055695,0.088655,-0.07126,-0.25101,-0.0056458,-0.0016785,-0.017548,0.068208
-0.024567,-0.10452,-0.08011,-0.16617,-0.0019837,0.017243,-0.0041199,0.024872
-0.11795,-0.19425,-0.099641,0.037995,0.019989,0.026703,0.0035096,0.0077821
-0.10117,-0.20676,-0.0086976,-0.010529,0.034333,-0.011139,-0.026703,-0.047456
-0.092012,-0.16861,-0.02884,-0.16068,0.069734,-0.005951,0.0056458,-0.035248
-0.14084,-0.02182,0.02945,-0.19425,0.1973,0.052949,0.073701,-0.009308
-0.093233,-0.002594,-0.010529,-0.12253,0.25315,0.064546,0.059052,-0.015717
-0.017548,0.071565,-0.034028,-0.08835,0.25284,0.055085,0.045624,-0.0086976
0.070649,0.15549,-0.018463,0.12436,0.15793,0.042267,0.039216,0.011749
0.07187,0.19272,-0.042573,-0.032502,0.062409,0.051728,0.050202,0.04715
-0.022736,-0.17075,-0.053254,-0.10575,-0.020905,0.046235,0.039826,0.048066
-0.067903,-0.31907,-0.074617,-0.1857,-0.04715,-0.027314,-0.0047303,0.011749
-0.12436,0.043793,-0.13169,-0.19181,-0.076143,-0.038911,-0.030671,-0.023651
-0.20676,0.074617,-0.078584,-0.22354,-0.14389,-0.017243,-0.02945,-0.028534
-0.29923,-0.01236,-0.083467,-0.26291,-0.16983,-0.013275,-0.024872,-0.049287
-0.059663,0.019684,-0.085298,-0.31144,-0.31174,-0.047761,-0.033112,-0.094453
-0.090181,-0.083467,-0.082246,-0.23117,-0.16098,-0.026093,-0.019684,-0.0065614
0.18265,-0.054475,-0.073091,-0.24491,0.035248,-0.0016785,-0.014496,0.013581
0.40574,-0.0041199,-0.12528,-0.2504,0.014801,0.0071717,-0.0086976,0.025177
0.12284,-0.070039,-0.061189,-0.26596,0.022736,-0.0056458,0.00045777,0.095369
-0.069123,-0.13748,-0.040742,0.025788,0.068513,-0.010224,-0.0028992,0.031891
0.029755,0.027924,0.032807,0.33158,0.12833,0.0080873,0.02121,-0.04654
-0.038911,0.096284,0.013581,0.30625,0.19699,0.010834,0.048066,-0.0032044
-0.066072,0.036469,-0.026703,-0.086824,0.27512,0.099031,0.11673,0.043793
-0.099947,0.016632,-0.010529,-0.082856,0.16678,0.11856,0.080415,0.045014
-0.20462,-0.072175,-0.063325,-0.02945,0.1149,0.05478,0.043488,0.052949
-0.065156,0.031281,-0.055695,-0.16495,0.056001,-0.025177,-0.019684,-0.038605
0.019989,0.056611,-0.050813,-0.2974,-0.058747,-0.0099184,0.0028992,0.0053407
-0.097505,0.10575,-0.077363,-0.28092,-0.086213,0.053254,0.053254,0.09781
0.012055,0.12711,-0.042878,-0.25834,-0.10727,0.00045777,0.012055,0.051118
0.12497,0.17258,-0.13626,-0.59342,-0.12161,-0.030365,-0.0071717,-0.041047
0.039216,0.11917,-0.11673,-0.089265,-0.2446,-0.052949,-0.0383,-0.051423
-0.00045777,-0.24552,-0.060273,0.25895,-0.22934,-0.074006,-0.060578,-0.023346
-0.016327,-0.57969,-0.10269,0.096284,-0.014191,0.014191,0.020294,0.085908
-0.0019837,-0.30625,-0.072786,-0.13077,0.012665,0.036164,0.016938,0.10758
-0.009308,0.17777,-0.063935,-0.25742,0.013886,0.060578,0.0099184,0.11276
-0.10605,-0.074617,-0.031891,-0.16251,0.031891,0.043488,0.018769,0.073701
-0.061189,-0.42008,-0.062409,-0.10788,0.091707,0.010834,0.0032044,-0.015717
-0.08011,0.05417,0.018158,-0.21317,0.1503,0.022431,-0.011444,-0.060578
-0.16464,0.046235,0.013581,-0.29984,0.1796,0.018769,0.017243,-0.035554
-0.13413,-0.077974,-0.031891,-0.35019,0.30716,0.044709,0.032807,-0.066072
-0.053559,-0.76127,-0.023957,0.12497,0.14725,0.062715,0.060273,-0.022736
0.045014,-0.28641,-0.11704,0.31876,0.095674,0.021515,0.050202,0.0016785
0.034943,0.12314,-0.0022889,-0.32822,-0.0010681,0.034638,0.031891,0.027619
0.025177,0.29435,-0.035554,-0.50462,-0.073091,0.041352,0.040436,0.045014
-0.089265,0.33463,-0.095369,-0.6627,-0.090181,-0.010834,0.0096132,-0.0010681
-0.099641,0.30961,-0.060273,0.28061,-0.11154,-0.045014,-0.032807,-0.043488
-0.044709,0.1622,-0.17899,0.50523,-0.085603,-0.078279,-0.04715,-0.061189
0.031891,-0.15213,-0.088045,-0.08072,-0.25895,-0.052033,-0.044709,-0.034943
-0.075532,-0.56779,-0.074922,-0.045014,-0.2089,-0.0047303,-0.0090028,0.041047
-0.022736,-0.17502,-0.065766,-0.2092,-0.070039,-0.0090028,-0.012055,0.032197
-0.028534,0.28183,-0.070954,-0.24002,-0.002594,-0.041657,-0.023651,-0.019684
-0.089876,0.1735,-0.12436,-0.2977,0.085298,0.0047303,0.005951,-0.023651
-0.00015259,-0.13352,0.011749,-0.22965,-0.0086976,-0.0013733,0.0053407,-0.026398
0.02182,-0.076753,-0.010224,-0.15,0.13199,0.023346,0.04654,0.015412
0.017548,0.14878,0.018158,-0.07126,0.18906,0.058747,0.031281,0.014801
0.19028,0.27268,-0.026093,-0.12161,0.22446,0.095674,0.053559,0.019074
0.0068666,-0.14145,0.002594,-0.13443,0.28244,0.078279,0.07248,0.075532
-0.10452,-0.08957,0.0099184,-0.10239,0.12314,0.041657,0.039521,0.088045
-0.215,-0.89281,-0.081331,-0.11063,0.0035096,0.042573,0.020905,0.012665
-0.085908,-0.46983,-0.081025,-0.14298,-0.041657,0.016938,0.011749,-0.031281
-0.19242,0.25193,-0.19944,-0.08957,-0.017548,-0.0013733,-0.00076295,-0.015412
-0.066072,0.31479,-0.0062562,-0.29191,-0.074922,-0.0099184,0.0038148,-0.010224
0.14817,0.23392,-0.12131,-0.22507,-0.14572,-0.024872,-0.013581,-0.047761
0.23972,0.15152,-0.1088,-0.26719,-0.19638,-0.0041199,0.010529,0.077668
-0.071565,-0.16892,-0.028534,-0.078584,-0.24308,-0.0383,-0.027008,0.11307
-0.015106,-0.079805,-0.093233,-0.15854,-0.11765,-0.032197,-0.031281,0.030365
-0.057221,-0.077363,-0.056001,-0.22324,-0.057527,-0.023957,-0.018769,0.035248
0.043488,-0.0080873,-0.068513,-0.22904,0.046235,0.0013733,-0.018463,0.011749
-0.041047,-0.022126,-0.076143,-0.023041,0.14176,-0.02121,0.011749,-0.052949
-0.13809,-0.040436,-0.032807,0.0972,0.0050355,0.002594,0.025177,0.011749
-0.22416,-0.0074769,-0.02182,-0.12985,0.10697,0.043183,0.031891,0.056611
0.062409,-0.12741,0.005951,-0.19913,0.17685,0.049592,0.022126,-0.024872
0.20401,-0.0062562,-0.015412,-0.016022,0.3032,0.035248,0.059968,-0.0019837
-0.020294,0.022126,-0.058747,-0.066682,0.20127,0.045624,0.068208,0.057221
-0.039521,-0.035554,-0.027924,-0.075532,0.05539,0.052644,0.022126,-0.0032044
-0.022126,0.03769,-0.050507,-0.19181,0.0019837,0.066377,0.052338,0.018769
-0.12131,0.060273,-0.029755,-0.057527,-0.055695,0.026703,0.0080873,0.03769
-0.13199,0.34257,-0.056916,-0.06424,-0.057527,0.0047303,-0.00015259,-0.017548
0.041962,0.3212,-0.076448,-0.30381,-0.093233,-0.014801,-0.029145,-0.019379
-0.037385,-0.087434,-0.15244,-0.31022,-0.10575,-0.04654,-0.0206,-0.002594
0.14939,-0.2977,-0.12467,0.12039,-0.20066,-0.075227,-0.027314,-0.020905
0.15915,-0.30472,-0.059358,-0.10147,-0.26474,-0.034333,-0.029145,-0.0053407
0.10971,-0.20951,-0.059358,-0.18692,-0.10178,-0.014801,0.016632,0.098116
-0.013275,-0.041352,-0.077974,-0.11093,0.032197,-0.025483,-0.018769,-0.0022889
-0.098421,0.14145,-0.058442,-0.17655,0.045014,0.011139,0.036774,0.041047
-0.098421,0.25986,-0.029145,-0.12802,0.049592,-0.0022889,0.035248,0.015106
-0.08957,0.24186,-0.064546,-0.1387,0.10147,0.020905,-0.0032044,-0.037079
-0.051118,0.073091,-0.010834,-0.11032,0.085298,0.027924,0.0041199,-0.012665
0.026703,-0.15976,-0.024262,-0.10056,0.19028,0.056611,0.033417,-0.0035096
-0.011139,-0.29343,0.0035096,-0.11307,0.33707,0.092317,0.067903,0.029755
-0.15061,-0.36667,-0.0047303,-0.036774,0.14328,0.052949,0.047456,0.051728
-0.17716,-0.34775,-0.072786,-0.045014,0.080415,0.011444,0.0080873,-0.0035096
-0.22019,-0.11734,-0.032197,-0.14359,-0.026398,-0.0016785,-0.00045777,-0.042573
-0.16892,-0.28397,-0.08957,-0.24582,-0.02884,0.019074,-0.0022889,-0.070039
-0.11032,-0.24369,-0.11521,-0.26108,-0.070039,0.00076295,0.011444,-0.079194
0.064546,0.35966,-0.041962,-0.19913,-0.19974,-0.0013733,0.010834,-0.027314
0.12039,0.48569,-0.17136,-0.15885,-0.13413,-0.012055,-0.010224,-0.033417
0.045319,0.63005,-0.094453,-0.14054,-0.22904,-0.041352,-0.037079,0.015717
-0.103,0.033722,-0.046845,-0.14572,-0.19577,-0.043793,-0.023651,0.085298
-0.019684,-0.9099,-0.094453,-0.25162,-0.023041,-0.018769,-0.016632,-0.0090028
-0.17563,-1.1705,-0.075837,-0.23758,0.027008,-0.010834,-0.0035096,-0.0080873
-0.11643,-0.78294,-0.040131,-0.14328,0.013275,0.0071717,0.0053407,0.057221
-0.015106,0.15244,-0.030976,-0.019379,0.06424,0.024567,0.023957,0.050202
-0.022431,0.32273,-0.019074,-0.036164,0.14633,0.045319,0.059052,0.12711
0.0071717,0.17746,0.0047303,0.11582,0.14389,0.047456,0.041657,0.12009
0.14237,0.049897,0.002594,-0.025483,0.25803,0.038911,0.033112,0.035248
0.16068,0.20523,-0.055695,-0.084993,0.24491,0.059052,0.047456,0.029145
0.21592,0.34989,-0.028229,-0.11582,0.11704,0.053559,0.044404,0.052949
0.13657,0.34195,-0.014191,-0.18601,0.039521,0.041047,0.034028,0.051423
-0.19211,-0.13474,-0.034638,-0.1561,-0.062715,0.014496,0.0019837,0.047761
-0.18875,-0.097505,-0.10025,-0.29923,-0.029755,0.00045777,0.0071717,0.009308
-0.082856,0.16739,-0.1088,-0.45457,-0.07187,-0.019379,-0.032807,-0.029755
-0.057832,0.15976,-0.094453,-0.57908,-0.1561,-0.027924,-0.051728,-0.074617
0.067903,0.11521,-0.10086,-0.2681,-0.16434,-0.069429,-0.042878,-0.087739
0.12863,-0.02884,-0.1149,0.57176,-0.22263,-0.085298,-0.031586,-0.020294
-0.0074769,-0.0096132,-0.1033,0.51682,-0.12863,-0.0035096,-0.0032044,0.061799
-0.10513,-0.24552,-0.027619,-0.4329,-0.024872,0.0065614,-0.018463,-0.0013733
-0.1622,-0.36637,-0.057221,-0.61723,0.02945,0.062409,0.031891,-0.0028992
-0.14084,-0.16953,-0.057832,-0.31388,0.044404,0.022431,0.0050355,-0.015106
-0.014496,-0.020294,-0.059052,0.039521,0.032197,0.0044251,0.0041199,0.0038148
0.043183,0.074006,-0.048981,0.8275,0.12253,0.034028,0.031891,0.02121
0.043183,0.07187,0.045014,0.17044,0.24125,0.060883,0.057221,0.072786
-0.083772,0.035248,-0.0035096,-0.20279,0.28092,0.11673,0.093538,0.09781
0.027314,0.16556,-0.017548,-0.24399,0.21836,0.056916,0.048066,0.023041
-0.10117,0.049287,-0.066987,-0.32944,0.075227,0.023957,0.03006,0.015106
-0.11551,0.10819,-0.056611,-0.30198,-0.031586,-0.017853,0.013886,0.00076295
-0.092927,0.17227,-0.030365,-0.18082,-0.024262,-0.024872,0.00076295,-0.051118
-0.13352,0.0062562,-0.022431,-0.42435,-0.04715,0.01297,0.019684,-0.027008
-0.042878,-0.011749,-0.12863,-0.074922,-0.099641,-0.077974,-0.049592,-0.11185
0.13413,-0.33646,-0.17319,0.071565,-0.12039,-0.072175,-0.061494,-0.10178
0.10636,-0.30076,-0.063325,-0.20157,-0.27909,-0.005951,-0.010834,0.051728
0.02182,-0.53574,-0.084688,-0.28855,-0.26322,-0.03006,-0.015106,0.058137
-0.23362,-0.39811,-0.048066,-0.3093,-0.10117,-0.023346,-0.036469,0.0074769
-0.21927,-0.064546,-0.083467,-0.11246,-0.032197,-0.0022889,-0.02121,-0.016632
0.085298,0.30594,-0.067292,-0.00045777,0.10819,0.0010681,-0.0096132,-0.056916
-0.02945,0.22538,-0.046845,-0.085298,0.081636,0.037995,0.04654,0.103
-0.012665,0.12589,-0.048066,-0.18112,0.089265,0.034028,0.056306,0.087739
0.21866,0.047761,-0.0047303,-0.25132,0.12314,0.016938,0.018158,-0.026398
-0.076143,0.21866,-0.01297,-0.19272,0.15244,0.045319,0.018158,-0.0022889
-0.23301,-0.066987,-0.066072,-0.2681,0.28244,0.057221,0.045319,-0.042878
0.12192,-0.30625,0.0056458,0.16007,0.16495,0.022736,0.031281,-0.085603
0.11246,-0.81682,-0.052338,0.30594,0.092622,0.020905,0.019989,0.02945
-0.010224,-0.40177,-0.016938,-0.075532,0.0068666,0.043488,0.023651,0.092927
-0.078889,0.26658,-0.091096,-0.20584,-0.09781,0.040436,0.022126,0.045624
-0.1799,0.2916,-0.040742,-0.19516,-0.06363,0.0206,0.0038148,0.040131
-0.21317,-0.090486,-0.10758,-0.25498,-0.015412,-0.016327,-0.01236,-0.0090028
0.005951,0.04593,-0.13169,-0.34745,-0.13474,-0.039216,-0.016327,-0.034638
-0.051118,0.24186,-0.085908,-0.19577,-0.31022,-0.034943,-0.002594,0.057221
-0.0032044,0.070344,-0.07248,-0.13199,-0.20005,-0.047456,-0.032807,0.016632
0.23148,0.072175,-0.084077,-0.18662,-0.10941,-0.035859,-0.02945,-0.04715
0.066072,0.16617,-0.091402,-0.22354,-0.023346,-0.0038148,0.0041199,0.04593
0.11368,-0.08011,-0.042267,-0.1796,0.077363,0.027008,-0.0056458,0.077668
-0.016327,-0.056916,-0.025483,-0.11093,0.10819,0.04715,0.00076295,0.013886
-0.14786,-0.13779,-0.078279,-0.036164,0.12558,0.01297,0.00076295,0.053864
-0.015717,-0.37644,-0.021515,-0.017548,0.12222,0.02884,0.011139,-0.0090028
-0.069429,-0.18296,-0.002594,-0.28733,0.20829,0.039216,0.067903,0.034028
-0.032807,0.037385,-0.023957,-0.20768,0.28916,0.050202,0.066682,0.029755
-0.04715,0.15915,-0.036774,0.23819,0.16342,0.034333,0.037079,-0.060578
0.0013733,0.16342,-0.00045777,0.10636,0.041047,0.039521,0.03769,0.0047303
-0.01297,0.095369,-0.024567,-0.12253,-0.019074,0.051118,0.041047,0.052949
-0.0053407,-0.062715,-0.084077,-0.22812,-0.025177,-0.0038148,0.023651,0.041352
-0.041962,-0.31449,-0.14359,-0.19089,-0.12192,-0.0010681,0.048981,0.067292
-0.11521,-0.2089,-0.14145,-0.13138,-0.12863,-0.024262,0.0077821,0.021515
-0.10239,0.017853,-0.070954,-0.34379,-0.18173,-0.060273,-0.053559,-0.077668
-0.10758,0.022736,-0.065156,-0.36271,-0.26291,-0.072175,-0.072786,-0.065766
-0.14633,-0.033722,-0.084688,-0.2974,-0.13413,-0.029755,-0.0383,-0.04715
-0.047761,0.090486,-0.061799,0.092927,-0.041352,-0.018769,-0.027619,-0.077058
0.059052,0.24918,-0.062715,0.013886,0.074617,-0.0074769,-0.017548,-0.074006
-0.061189,0.2208,-0.013886,-0.19364,0.081331,0.010224,0.0065614,-0.0096132
-0.16464,-0.168,-0.045624,-0.43809,0.02884,0.031281,0.0071717,0.02884
-0.21042,0.057527,-0.07248,-0.3386,0.088045,-0.0032044,-0.010834,-0.032807
0.28672,0.6215,0.011444,0.40421,0.10025,-0.0047303,0.019684,0.023957
0.19974,0.23941,-0.027008,0.26993,0.33585,0.12711,0.10025,0.12192
0.078279,-0.83421,0.018463,-0.1146,0.25376,0.12772,0.10361,0.14725
-0.081941,-0.81254,-0.044709,-0.23606,0.048981,0.046235,0.03006,0.048066
-0.063935,-0.12192,-0.055695,-0.15122,0.0013733,0.036164,0.019989,0.052033
-0.0383,0.10758,-0.048371,0.0074769,-0.023651,-0.0053407,-0.0056458,0.033722
0.14267,0.44236,-0.12131,-0.26566,-0.073091,-0.015106,0.005951,-0.02121
0.0065614,0.32273,-0.038605,-0.3624,-0.14481,-0.0071717,-0.0028992,0.00076295
-0.11826,-0.57176,-0.11734,-0.36454,-0.082246,-0.019684,-0.01297,-0.019379
-0.045319,-0.82567,-0.1146,0.074006,-0.16587,-0.04593,-0.024567,-0.063325
-0.048371,-0.30808,-0.092012,0.10086,-0.28885,-0.060273,-0.022736,0.042267
-0.065461,0.28,-0.077058,-0.20096,-0.096284,0.0047303,0.0032044,0.099641
-0.099641,0.048676,-0.039216,-0.17105,-0.0032044,0.010834,-0.010834,0.041352
-0.065156,-0.058747,-0.054475,-0.061799,0.090791,-0.013581,-0.025788,-0.0047303
-0.033417,-0.077974,-0.072786,-0.087739,0.04593,0.011139,0.018769,-0.012665
-0.055085,-0.00076295,-0.056916,-0.28153,0.024262,0.0077821,-0.0044251,-0.0028992
-0.077668,0.091402,-0.028534,-0.26291,0.17136,0.030365,0.0056458,-0.020905
-0.11307,0.15244,0.0035096,-0.27909,0.21103,0.073396,0.043793,-0.017243
-0.066987,-0.33799,-0.026398,-0.037079,0.2681,0.033112,0.033417,-0.024872
-0.087739,-0.33097,-0.034943,0.12833,0.16068,-0.0056458,0.023346,-0.023346
-0.11795,0.017853,-0.026093,-0.10361,0.056916,0.032807,0.053254,0.059968
0.041352,0.25956,-0.021515,-0.26505,-0.0019837,0.044404,0.042878,0.018769
0.011749,0.17014,-0.059968,-0.42588,-0.066682,0.018769,0.023346,-0.0041199
0.34592,0.21225,-0.1146,0.046845,-0.091402,-0.022736,-0.015412,-0.036774
0.1445,0.10849,-0.06302,0.037995,-0.11521,0.016022,0.002594,0.045624
-0.058747,0.20584,-0.11948,-0.085908,-0.077058,0.037995,0.024262,0.099031
-0.33433,-0.15,-0.067292,-0.12161,-0.26291,-0.05539,-0.064546,-0.036774
-0.42313,-0.45365,-0.11032,-0.25772,-0.18296,-0.094759,-0.067597,-0.12253
-0.22477,-0.10605,-0.10025,-0.35203,-0.077363,-0.056001,-0.05478,-0.16892
-0.036774,0.24918,-0.077058,-0.14542,-0.015106,-0.0041199,-0.002594,-0.086213
0.015412,0.13809,-0.077974,-0.064546,0.05417,0.031586,0.042878,0.016632
0.11521,0.24186,-0.032502,-0.11734,0.04715,0.0019837,0.0035096,0.013886
0.14084,0.69078,0.0019837,-0.15,0.10758,0.012665,0.016938,0.039216
0.3328,0.23331,0.017548,-0.16587,0.12833,0.050813,0.040131,0.062409
0.11093,-0.76127,-0.016327,0.053864,0.23789,0.045319,0.051423,0.11002
0.015106,-1.151,-0.0383,0.12985,0.32242,0.085298,0.10025,0.14725
0.049897,-0.61601,-0.056001,-0.24704,0.1323,0.10788,0.0795,0.1268
0.023651,0.18631,-0.060578,-0.32914,-0.016327,0.042267,0.037385,0.12314
0.068513,0.23331,0.030976,-0.1146,-0.048676,-0.035554,-0.023346,0.057527
-0.018158,-0.2089,-0.076753,0.097505,0.0019837,-0.014801,-0.019074,0.023957
0.036164,0.0972,-0.076143,-0.077058,-0.044404,0.043488,0.039521,0.12314
0.10391,0.43534,-0.21561,-0.33768,-0.13993,-0.0010681,-0.00076295,0.03006
-0.025483,0.27543,-0.051118,-0.1326,-0.19486,-0.025788,0.0028992,0.0032044
-0.36179,-0.1146,-0.11612,0.07126,-0.32242,-0.071565,-0.034943,-0.019074
-0.26688,-0.27543,-0.13474,-0.33127,-0.14328,-0.12497,-0.095064,-0.16678
-0.22141,-0.11154,-0.042267,-0.29221,-0.073091,-0.050202,-0.054475,-0.13809
-0.30198,-0.11612,-0.0090028,-0.17105,0.077668,-0.0013733,-0.00015259,-0.061799
-0.15061,-0.16159,-0.042878,-0.12131,0.069123,-0.009308,0.0074769,-0.064851
-0.088045,-0.27298,-0.023957,-0.31266,0.060273,0.027314,0.013581,-0.041047
0.094148,-0.002594,-0.0053407,-0.26535,0.11704,0.05478,0.031281,-0.040742
0.098116,0.017243,-0.0065614,-0.24216,0.15702,0.044099,0.041047,-0.013581
0.17075,0.076753,-0.032807,0.20523,0.28763,0.057527,0.026093,-0.010834
0.31907,-0.0019837,-0.0096132,0.21195,0.24369,0.10758,0.078279,0.045319
-0.023651,-0.14145,-0.051118,0.094759,0.081636,0.11185,0.10758,0.21195
-0.28336,0.18143,-0.04654,-0.1387,-0.0080873,0.035248,0.061189,0.17258
-0.30137,0.23606,-0.10086,-0.21927,0.025177,0.011444,0.03006,0.002594
-0.11124,0.3032,-0.11032,-0.046235,-0.0068666,-0.03769,-0.018463,-0.12558
0.18051,0.28611,-0.039216,-0.16403,-0.15671,-0.05417,-0.056001,-0.13413
0.085603,0.27787,-0.066377,-0.53635,-0.18845,-0.0080873,-0.026398,-0.012665
0.12894,0.19821,-0.11612,-0.49363,-0.18357,-0.027008,-0.034943,0.0206
0.17288,-0.42313,-0.13474,0.25132,-0.29191,-0.10086,-0.069429,0.02884
-0.030671,-1.0918,-0.10727,-0.011444,-0.085908,-0.066072,-0.023651,0.081941
-0.057527,-0.54643,-0.090486,-0.058442,0.0053407,0.022431,0.0019837,0.074617
-0.11582,-0.046845,-0.015717,-0.11032,0.00076295,0.037995,0.035248,0.040436
-0.17472,0.3505,-0.063325,-0.36545,0.07187,0.032197,0.027619,0.028229
-0.19394,0.36667,-0.026703,-0.07126,0.12253,0.017243,0.0077821,-0.059052
-0.11398,0.30961,0.029755,-0.061494,0.16098,0.045624,0.013581,-0.030365
0.16068,0.12406,0.0065614,0.02121,0.21042,0.026093,0.027619,0.0047303
-0.1268,-0.54093,-0.042573,-0.17594,0.25223,0.073396,0.082856,0.083772
-0.025483,-0.67765,-0.020294,-0.24765,0.16403,0.076448,0.070039,0.044099
0.090791,-0.20554,-0.066682,-0.092927,0.10483,0.035248,0.033417,-0.028534
-0.012055,0.32242,-0.037079,0.028534,-0.0056458,0.00015259,0.027008,0.046235
-0.035554,0.26719,-0.091402,-0.094453,-0.013275,0.0019837,0.0080873,0.0090028
0.074617,0.16983,-0.037079,-0.2092,-0.072175,-0.016327,-0.012055,-0.024872
0.06302,0.085603,-0.076753,-0.32456,-0.16403,0.0053407,0.0056458,0.0032044
-0.11124,-0.30228,-0.1088,-0.121,-0.12955,0.0013733,-0.01297,0.002594
-0.19425,-0.60655,-0.11124,0.017243,-0.24674,-0.068513,-0.065766,-0.047761
0.022126,0.11521,-0.13077,-0.46921,-0.21256,-0.084382,-0.066072,-0.065461
0.00045777,0.2678,-0.0086976,-0.20432,-0.022126,-0.014801,0.0050355,-0.0086976
-0.20096,0.18845,-0.084382,-0.15335,0.027619,0.026398,0.025788,0.055085
-0.14084,0.25559,-0.066682,-0.21347,0.029755,-0.0056458,-0.010529,-0.060578
-0.065461,0.18051,-0.06424,-0.18204,0.0056458,-0.020294,0.0099184,-0.092317
-0.0035096,-0.78477,-0.014801,-0.17533,0.094759,-0.0071717,0.0065614,-0.038911
0.086824,-0.551,-0.019989,-0.17075,0.121,0.037385,0.022126,-0.0090028
0.16037,0.22202,0.056306,-0.084993,0.24369,0.06424,0.059968,0.084382
0.024872,0.26322,-0.095064,0.31815,0.32547,0.049592,0.11093,0.13718
0.03006,0.49332,-0.02182,0.15183,0.17288,0.063325,0.093538,0.10788
0.15824,0.52354,-0.049897,0.0010681,-0.009308,0.097505,0.059052,0.097505
-0.035554,0.011444,-0.01236,-0.34989,-0.10178,0.036469,0.012665,0.049897
-0.0795,0.29618,-0.040742,-0.43351,-0.064851,0.0206,-0.0080873,0.042878
-0.0035096,0.37675,-0.09659,-0.46159,-0.04593,-0.016022,-0.010529,-0.0096132
-0.12131,-0.29374,-0.1323,0.30167,-0.10849,-0.062104,-0.020294,-0.035248
-0.091402,-1.5654,-0.12497,0.16129,-0.12009,-0.011139,-0.0013733,-0.0010681
-0.10544,-1.3973,-0.12253,-0.37888,-0.26963,-0.023346,-0.052949,-0.014801
-0.19242,-0.39658,-0.0795,-0.43626,-0.19852,-0.04654,-0.029145,0.0071717
-0.10788,0.1622,-0.064546,0.019684,-0.059968,-0.040131,-0.035248,-0.045014
0.023041,0.44175,-0.051728,0.21958,0.025788,-0.013886,-0.035859,-0.08835
0.07126,0.34409,-0.037079,-0.21378,0.11704,0.04654,0.016632,-0.0071717
0.052338,0.29801,-0.048066,-0.32547,0.062409,0.023346,0.049287,0.049287
-0.086824,0.058442,-0.019684,-0.18296,0.093538,0.020294,0.02182,0.016632
-0.031891,-0.29648,0.0016785,-0.005951,0.20188,0.02121,0.034333,-0.040742
0.0053407,-0.18631,-0.011444,0.13626,0.29831,0.062715,0.072786,0.024872
-0.077363,0.085298,-0.040436,-0.03769,0.23331,0.071565,0.038911,0.035554
-0.088045,-0.016022,-0.05478,-0.19913,0.094148,0.044709,0.02182,0.0019837
-0.040742,-0.10758,-0.059358,-0.2678,-0.023041,0.033417,0.0041199,0.0086976
-0.056611,0.0038148,-0.043183,-0.11948,-0.059663,0.0090028,0.032807,0.063325
-0.0206,0.20829,-0.04654,-0.15122,-0.038911,-0.0068666,0.027008,0.053254
0.25437,0.32364,-0.075837,-0.21958,-0.060883,-0.015717,-0.002594,-0.02945
0.019074,0.14817,-0.12833,-0.37613,-0.14267,-0.02182,0.0053407,-0.0056458
-0.15061,-0.016938,-0.11887,-0.23178,-0.2855,-0.06424,-0.049287,-0.012055
0.0013733,-0.023346,-0.10422,-0.27817,-0.24216,-0.067292,-0.052033,-0.051118
-0.067597,-0.22782,-0.081025,-0.15854,-0.10788,-0.014191,-0.011444,0.012055
-0.081941,-0.18357,-0.056001,-0.31785,-0.023041,-0.024262,0.0041199,0.036164
0.017548,0.17411,-0.072786,-0.0035096,0.071565,-0.0383,-0.009308,-0.019074
-0.0065614,0.062104,-0.025788,-0.016327,0.10422,0.056306,0.027008,0.021515
-0.086824,-0.25345,-0.043183,0.057221,0.10269,0.068208,0.052949,0.046845
0.016632,0.093538,-0.040436,-0.078889,0.11704,0.0010681,0.0050355,-0.038911
-0.061799,0.15763,0.060883,0.064851,0.18845,0.029145,0.037385,-0.0032044
-0.069734,-0.030976,-0.081025,0.073396,0.39811,0.091096,0.094453,0.070649
-0.04593,-0.083772,-0.025788,-0.15702,0.17746,0.042878,0.046235,0.023346
0.037385,-0.1738,-0.010834,-0.15702,-0.048676,0.0068666,-0.00015259,0.03769
-0.00076295,-0.2089,-0.040131,-0.1796,0.005951,0.040742,0.026703,0.077668
0.0038148,-0.0074769,-0.051118,0.074006,-0.063935,0.031281,0.02884,0.031891
-0.045319,0.042573,-0.092622,-0.10941,-0.079194,-0.0077821,-0.0022889,-0.022736
-0.11948,0.0053407,-0.1265,-0.32547,-0.13169,-0.019379,0.011139,0.0068666
-0.12161,-0.16007,-0.168,-0.32059,-0.12528,-0.023041,-0.0022889,-0.041657
0.030365,-0.10422,-0.036164,-0.47044,-0.27634,-0.035248,-0.034943,-0.044709
-0.070649,-0.06424,-0.048066,-0.56413,-0.21805,-0.063325,-0.030671,0.034333
-0.22843,-0.085908,-0.064546,-0.14603,-0.057221,-0.035859,-0.020294,0.011444
-0.08896,0.042267,-0.090181,0.40391,0.05417,-0.027924,-0.039216,-0.066682
0.02121,0.24338,-0.07248,0.1854,0.10178,0.031281,0.036164,0.0065614
0.18112,0.14878,-0.048676,0.12161,0.047761,0.062104,0.053864,0.087434
0.17044,-0.01236,-0.0053407,-0.11093,0.11978,0.016022,0.019684,0.092317
0.20584,0.18784,0.036164,0.02121,0.11887,0.0080873,0.033722,0.083467
-0.033417,-0.025788,-0.0080873,-0.22477,0.22446,0.046845,0.052338,0.066072
-0.15274,-0.25162,-0.064851,-0.49241,0.31266,0.086519,0.041352,0.069429
-0.13657,-0.10971,-0.072175,-0.11521,0.10819,0.077058,0.029755,0.0086976
-0.23545,-0.012055,0.014191,0.013275,-0.022736,0.024567,0.039521,-0.029755
-0.35264,-0.15854,-0.08072,-0.20096,0.036164,-0.0041199,0.0010681,-0.08011
-0.28885,0.044404,-0.091402,-0.14755,-0.031281,0.042267,0.0086976,-0.03769
0.12039,0.3093,-0.068818,-0.057527,-0.095979,0.013886,-0.021515,-0.058137
0.39994,0.39811,-0.14542,-0.11978,-0.1265,-0.030365,-0.044404,-0.089876
0.52689,-1.1614,-0.0795,-0.26993,-0.21103,-0.023957,-0.010224,0.086213
0.38773,-1.2514,-0.084382,-0.39628,-0.29892,-0.059968,-0.035248,0.12375
-0.13931,-0.10788,-0.070039,-0.059052,-0.16403,-0.039826,-0.015106,0.16678
-0.24369,0.2681,-0.064546,0.035554,-0.027314,-0.005951,-0.0013733,0.081331
-0.095979,0.25437,-0.094453,-0.083467,0.087434,0.0053407,0.0068666,-0.068818
-0.12314,0.35569,-0.077058,-0.24125,0.073701,-0.025788,-0.014496,-0.081331
-0.14694,0.24643,0.0062562,-0.15518,0.024262,0.0090028,0.027619,-0.031586
-0.10971,0.11795,0.0019837,-0.13199,0.12802,0.045624,0.05417,-0.0206
-0.11643,0.047761,0.016632,-0.12192,0.19455,0.053254,0.035859,-0.018769
-0.11032,-0.23362,-0.052644,-0.19181,0.33341,0.080415,0.063935,0.0053407
-0.19516,-0.50706,-0.023651,-0.080415,0.19669,0.068818,0.098116,0.023346
-0.16648,0.011444,-0.041047,0.057527,0.066682,0.066682,0.043183,0.035554
-0.074006,0.15183,-0.026703,-0.034638,0.015717,0.013886,-0.0013733,0.011444
-0.076143,0.10636,-0.049897,-0.35355,-0.039521,-0.014801,-0.0013733,-0.035859
0.049897,0.059663,-0.076448,-0.12741,-0.0071717,0.0050355,-0.010529,-0.029145
0.16342,0.014191,-0.067292,0.058137,-0.1384,-0.012055,-0.0071717,-0.039521
0.14023,0.07187,-0.1799,-0.17868,-0.14145,-0.0096132,-0.013275,0.040131
0.025788,0.15793,-0.10636,-0.32029,-0.25498,-0.048066,-0.039521,0.033417
0.059358,0.20462,-0.055695,-0.050813,-0.29374,-0.057527,-0.051423,0.0032044
-0.041657,0.14664,-0.065766,-0.18814,-0.1033,-0.030365,-0.045624,-0.0053407
-0.10575,-0.23941,-0.076143,-0.12894,0.0050355,-0.0068666,-0.032807,-0.029755
-0.21347,-0.84215,-0.12253,-0.20737,0.16342,0.015412,0.016632,-0.0062562
-0.08835,0.10269,-0.020294,-0.25437,0.076448,-0.0016785,0.0080873,-0.044404
0.30198,0.38468,-0.014801,-0.23178,0.026703,0.048981,0.016632,0.045624
0.072786,-0.19883,-0.065766,-0.039216,0.13565,0.041657,0.050507,0.16159
-0.082246,-0.439,-0.0028992,0.15854,0.19669,0.026093,0.050202,0.086519
-0.11246,-0.043488,0.028534,-0.0047303,0.33677,0.1088,0.090181,0.059358
-0.1619,0.071565,-0.05478,-0.065766,0.14115,0.11582,0.090181,0.08835
0.0383,-0.060578,-0.05478,-0.17685,0.059663,0.019379,0.0041199,-0.057832
0.11826,0.056611,-0.043183,-0.067597,-0.015717,-0.009308,0.0074769,-0.016938
0.11612,0.31815,-0.056001,-0.20768,-0.028534,0.0041199,0.051423,0.063935
-0.10178,0.19425,-0.063935,-0.31632,-0.056916,-0.00076295,0.026703,0.038911
-0.13169,-0.11185,-0.085908,-0.036164,-0.13596,0.00076295,-0.002594,0.029145
-0.13077,-0.53269,-0.15152,-0.21164,-0.13138,-0.0041199,-0.02121,-0.033417
-0.082246,-0.13352,-0.090791,-0.3032,-0.30716,-0.063935,-0.057832,-0.060578
-0.11337,-0.13413,-0.12741,0.030671,-0.21286,-0.073396,-0.064851,-0.079194
-0.15671,-0.45304,-0.031586,-0.048676,-0.051423,-0.031586,-0.031891,-0.069734
-0.13962,-0.18082,-0.072786,-0.15274,0.027619,0.012055,0.016632,0.049897
0.00045777,0.14755,-0.072175,-0.18112,0.085298,-0.0053407,0.0047303,0.029755
0.24643,0.3032,-0.026093,-0.19791,0.045319,-0.022736,-0.023651,-0.024567
0.045624,0.17624,-0.03769,-0.21897,0.099336,0.016938,0.027008,0.046235
-0.028229,-0.13199,0.019684,-0.19425,0.13474,0.036164,0.023651,0.061799
-0.19028,0.14817,-0.0077821,-0.19089,0.24063,0.025177,0.019684,-0.066987
-0.31785,0.12711,0.0047303,-0.34348,0.25956,0.056916,0.076448,-0.077974
-0.043183,0.16526,-0.036469,-0.058137,0.14572,0.022736,0.043183,-0.097505
-0.11032,0.10513,-0.07126,0.66178,0.18204,0.0090028,0.052338,-0.059663
-0.055695,-0.33982,-0.083467,0.3447,0.0019837,0.072175,0.039216,0.037079
-0.1564,-0.3508,-0.04593,-0.42618,-0.11307,0.052644,0.010834,0.03006
-0.057221,-0.24277,-0.10636,-0.58701,-0.168,0.0086976,0.013275,0.055695
0.31296,-0.030976,-0.11276,-0.69078,-0.15946,-0.03769,-0.012665,-0.020905
0.42924,0.081331,-0.16648,0.2974,-0.19211,-0.07187,0.00045777,0.059052
0.49943,0.27756,-0.093538,0.55131,-0.25772,-0.073701,-0.059358,0.089876
0.2327,0.12253,-0.019989,-0.22995,-0.078889,0.058442,0.031586,0.16678
0.070649,0.13535,-0.065766,-0.2974,-0.035554,0.040436,0.012665,0.080415
-0.16403,-0.47837,-0.070039,-0.29557,0.018158,-0.051118,-0.053559,0.03006
-0.23239,-0.30991,-0.057832,-0.24033,0.049287,-0.035248,-0.034333,0.00045777
-0.22446,0.0096132,-0.09659,-0.23239,0.04715,0.036164,0.00045777,-0.034638
-0.18723,0.034638,-0.0028992,-0.24277,0.10849,0.02945,0.02884,-0.0071717
-0.14328,0.082551,0.038605,-0.1207,0.16617,0.035248,0.034028,0.041657
-0.092927,0.041657,-0.0035096,-0.16556,0.34958,0.089876,0.082246,0.03769
-0.16068,0.13596,-0.045624,0.16495,0.23972,0.034333,0.040131,-0.045624
-0.17227,0.099336,-0.044404,-0.11582,0.074006,0.026398,0.031586,-0.0083925
-0.00076295,-0.12467,-0.034943,-0.046235,-0.019379,0.028534,0.027314,-0.00076295
0.18112,-0.28,-0.034333,-0.086519,-0.072786,0.01297,0.0096132,0.026703
0.066072,-0.10849,-0.08072,-0.15091,-0.053559,0.02945,0.011139,0.10025
0.063935,0.096284,-0.073396,-0.21225,-0.076753,-0.009308,0.010529,0.044099
-0.020905,0.11215,-0.13931,-0.24033,-0.12192,-0.024262,-0.026703,-0.02945
-0.097505,0.027924,-0.11154,-0.21683,-0.25315,-0.030976,-0.017243,-0.0035096
-0.099031,0.057527,-0.061799,-0.22904,-0.24247,-0.076448,-0.063935,-0.034638
-0.11337,-0.049897,-0.098116,-0.37461,-0.072175,-0.037995,-0.045319,-0.053559
-0.11398,-0.17044,-0.066682,-0.23178,0.0038148,-0.00015259,-0.0065614,-0.057832
-0.046845,-0.059358,-0.025483,0.16403,0.070649,0.034333,0.016632,-0.068208
0.074311,0.10208,-0.077363,-0.0035096,0.074617,0.030365,0.01297,-0.015412
-0.048981,-0.10605,-0.059968,-0.00076295,0.052338,0.02121,0.026703,0.048981
-0.15763,-0.29343,-0.038605,-0.16403,0.10666,0.024872,0.021515,0.047761
-0.10636,-0.092317,0.059968,-0.12497,0.17746,0.020905,0.03006,-0.030365
-0.11185,-0.050202,-0.0383,-0.14328,0.30411,0.055695,0.07126,-0.019684
-0.099947,-0.05478,-0.032502,-0.14359,0.17227,0.068513,0.049897,0.025177
0.017853,0.010224,-0.076753,-0.048981,0.13443,0.053254,0.034028,0.061799
0.14847,0.022736,-0.062409,-0.09659,0.016022,0.027924,0.017243,0.08072
0.0068666,0.12406,-0.019684,-0.16251,-0.09781,0.0099184,0.019989,0.11215
0.099947,0.28336,-0.060578,-0.14267,-0.039521,-0.019074,-0.015717,-0.0050355
0.16342,0.12558,-0.12039,-0.16098,-0.11856,-0.041047,-0.05478,-0.070954
0.046235,0.12863,-0.13901,-0.21622,-0.13931,0.011139,-0.029145,-0.022126
-0.20188,-0.12192,-0.080415,-0.052338,-0.31083,-0.023957,-0.034333,0.0086976
-0.16037,-0.56657,-0.10452,-0.29221,-0.17441,-0.090181,-0.081025,-0.072175
0.0013733,-0.40055,-0.03769,-0.24399,-0.078279,-0.065156,-0.025788,-0.033417
0.084688,0.11032,-0.042573,-0.20127,0.005951,-0.0010681,0.070344,0.070344
0.002594,0.39841,-0.081941,-0.30228,0.075837,0.04715,0.093538,0.12406
-0.0090028,0.092317,-0.023957,-0.51102,0.050507,0.019989,0.0096132,-0.0068666
0.072786,-0.78386,-0.098116,-0.024262,0.084382,-0.0062562,-0.015106,-0.061494
-0.12039,-0.58915,0.032197,0.21592,0.11612,0.0041199,0.035859,0.061494
-0.19699,0.28824,-0.028229,0.31632,0.30228,0.081636,0.041352,0.066682
-0.025177,0.56138,-0.036164,0.52659,0.25315,0.092622,0.059663,-0.011139
0.025177,-0.033722,-0.051118,-0.00045777,0.11856,0.069429,0.061494,0.019379
-0.1912,-0.42008,-0.043183,-0.42771,0.013275,0.053254,0.051728,0.091707
-0.28153,-0.034638,-0.017853,-0.041047,-0.023041,0.0010681,-0.0065614,-0.023346
-0.15549,0.11398,-0.061189,-0.1854,0.00076295,0.0041199,-0.0096132,-0.095674
-0.029145,0.07126,-0.094148,-0.31205,-0.068513,0.0019837,-0.017548,-0.077058
-0.023346,0.26261,-0.080415,-0.10758,-0.21653,-0.015412,0.00076295,0.037079
0.39536,0.20432,-0.14878,-0.2742,-0.16068,-0.029755,-0.031281,-0.010529
0.045014,-0.42008,-0.068513,-0.34226,-0.27085,-0.059968,-0.027314,0.10269
-0.014496,-0.47715,-0.058442,-0.10361,-0.14633,0.002594,0.012665,0.13016
-0.13596,-0.059358,-0.072175,-0.079194,0.0056458,0.00045777,-0.035859,-0.040742
-0.47684,-0.059358,-0.062715,-0.19913,0.059663,-0.036469,-0.033112,-0.08072
-0.012055,0.1677,-0.087129,-0.32242,0.058442,-0.02945,-0.038911,-0.17777
0.12161,0.31357,-0.034333,-0.10086,0.026703,0.040436,0.020294,-0.056001
0.41123,-0.064851,0.0044251,-0.099947,0.09659,0.043488,0.04715,0.055695
0.54093,-0.32853,-0.02884,-0.17258,0.16098,0.036164,0.027314,0.051728
0.20127,0.10269,-0.032502,-0.1445,0.27787,0.076753,0.12436,0.30045
-0.016938,-0.30106,-0.020294,-0.0010681,0.22446,0.10147,0.10788,0.23789
-0.10391,-0.10666,-0.095979,0.025177,0.10849,0.048676,0.043488,0.056306
-0.08957,0.058137,-0.0053407,-0.14969,-0.0083925,0.019074,0.0038148,0.027008
-0.17807,-0.2678,-0.043183,-0.14389,-0.059968,-0.00015259,-0.05478,-0.034333
-0.28153,-0.15427,-0.047761,-0.20218,-0.00045777,0.010834,0.013581,-0.026398
-0.19211,0.1323,-0.052949,-0.22599,-0.10178,-0.018769,-0.009308,-0.063935
-0.10178,0.18265,-0.14511,-0.3093,-0.11734,-0.018769,-0.05478,-0.056916
0.10391,0.10452,-0.14908,-0.21225,-0.22843,-0.052033,-0.06363,-0.092317
0.10788,-0.094453,-0.060578,0.005951,-0.31235,-0.060273,-0.042878,-0.020905
-0.0062562,-0.0016785,-0.045014,-0.18479,-0.03769,-0.0047303,-0.0090028,0.067903
-0.024262,-0.0074769,-0.056916,-0.55009,0.035554,0.0090028,0.00076295,0.051423
-0.20829,-0.05417,-0.13046,-0.5803,0.012055,0.00045777,0.0065614,0.017243
-0.15549,0.28855,-0.11673,0.46799,0.021515,-0.048066,-0.023651,-0.085298
0.025788,0.48264,0.0035096,0.6453,0.13931,-0.014801,0.0032044,-0.12833
-0.11337,-0.11856,-0.0044251,-0.3212,0.1915,0.092927,0.085908,0.041047
-0.16648,-0.3505,0.01236,-0.33738,0.13474,0.032197,0.034333,0.017853
-0.13809,-0.29343,-0.030365,-0.21195,0.29709,0.026093,0.055085,-0.032807
-0.0206,-0.14939,-0.0035096,0.45121,0.20859,0.062715,0.085908,0.009308
0.0074769,0.1091,-0.065766,-0.074922,0.075532,0.057527,0.059052,0.030365
0.014801,0.13626,-0.066377,-0.37613,-0.03769,0.049592,0.013581,0.048981
0.13291,-0.14572,-0.16007,0.009308,-0.10727,0.0086976,0.00076295,0.036774
0.019074,-0.39292,-0.029755,-0.23239,-0.11765,0.010224,-0.00015259,0.05417
-0.14176,-0.16434,-0.084993,-0.13504,-0.14359,0.013275,-0.0047303,0.039216
-0.07187,0.066682,-0.099641,-0.33677,-0.061189,-0.028229,-0.026398,-0.031586
-0.055695,0.11154,-0.068513,-0.533,-0.28153,-0.10208,-0.068818,-0.07187
-0.1268,0.42954,-0.08011,-0.43351,-0.19211,-0.094759,-0.059663,-0.04715
-0.16281,0.30228,-0.041657,0.21927,-0.053559,-0.085298,-0.055085,-0.11307
0.048371,0.19516,-0.0972,0.35966,0.057527,-0.025483,-0.011444,-0.11429
-0.17624,-0.60655,-0.11093,0.005951,0.046845,0.05539,0.06302,0.078279
-0.025177,-0.3679,-0.050813,-0.25772,0.023957,0.045319,0.016938,0.094759
0.055085,-0.2623,-0.05478,0.00045777,0.092622,0.0383,0.024262,0.041352
-0.059358,-0.16587,0.043488,-0.088655,0.13321,0.04654,0.044404,0.12314
-0.095064,-0.551,-0.011749,-0.15366,0.26841,0.078584,0.035554,0.0016785
0.07248,-0.082246,-0.015717,-0.15885,0.25925,0.065156,0.05417,-0.072175
0.027314,0.11154,-0.036164,-0.15793,0.090791,0.048981,0.0383,-0.027619
0.091707,-0.081331,-0.050813,-0.17929,0.018769,0.025177,0.024262,0.009308
0.22782,0.21927,-0.040436,-0.20584,-0.022126,-0.019989,0.0065614,0.059663
0.1796,0.65354,-0.072786,-0.20432,-0.013581,-0.0013733,0.023957,0.15824
0.34134,0.35752,-0.091096,-0.22965,-0.079194,0.0068666,0.018769,0.090181
-0.048676,-0.40574,-0.10971,-0.24552,-0.14084,-0.032807,-0.018158,-0.009308
-0.075532,-0.19699,-0.091402,-0.23331,-0.14359,-0.014191,-0.0032044,0.033417
-0.24552,-0.40848,-0.10483,-0.2678,-0.25101,-0.029145,-0.0383,0.0038148
-0.18479,-0.2446,-0.078279,-0.33677,-0.1503,-0.059358,-0.024262,-0.0041199
-0.058747,0.0041199,-0.059052,-0.1265,-0.024872,-0.026093,-0.017548,-0.036469
-0.0065614,0.10422,-0.04654,-0.082551,0.066072,-0.0071717,-0.024872,-0.027314
-0.096284,0.039216,-0.11826,0.027008,0.041352,0.014191,0.011749,-0.039826
-0.093843,0.011139,-0.050813,0.12589,0.02182,0.0071717,0.0019837,-0.03769
-0.05478,-0.033417,0.029755,0.20676,0.1268,0.038911,0.035554,0.0090028
-0.058137,-0.043488,0.035554,-0.16922,0.19211,0.077363,0.051728,0.057527
-0.018769,0.051728,0.013275,-0.50278,0.31571,0.057221,0.033722,0.052949
-0.051118,-0.0086976,-0.06302,-0.34134,0.18631,0.071565,0.041352,0.050507
-0.02884,-0.026398,-0.072175,0.21469,0.045624,0.030365,0.033417,0.024872
-0.01297,0.022126,-0.16007,0.32578,0.035554,0.00015259,0.0383,0.0080873
-0.048371,0.073396,0.0096132,-0.10483,-0.017548,0.027314,0.047456,0.040131
-0.08957,-0.025483,-0.049287,-0.27298,-0.042573,0.013886,0.019074,0.0074769
-0.053864,-0.039826,-0.10025,-0.30106,-0.099947,-0.023041,-0.030976,-0.057527
-0.02121,-0.044099,-0.084077,-0.34989,-0.18845,-0.057221,-0.052644,-0.053864
-0.027314,-0.039521,-0.096895,-0.38407,-0.25315,-0.026398,-0.019684,0.019684
-0.024872,0.015717,-0.095064,-0.17258,-0.24704,-0.065766,-0.050507,-0.033417
-0.083467,-0.00015259,-0.072175,0.23575,-0.08072,-0.052033,-0.031281,-0.023651
-0.095674,-0.043793,-0.091402,0.0013733,0.034028,-0.027314,-0.0035096,-0.030365
-0.05539,-0.02182,-0.11032,-0.1915,0.07248,0.010529,-0.0074769,-0.041352
-0.042573,0.051118,-0.031586,-0.26719,0.045319,-0.015412,-0.019074,-0.049287
0.17563,0.16526,-0.024262,-0.32364,0.038911,-0.014191,0.0068666,-0.047761
0.069429,-0.01297,0.013581,-0.29526,0.094759,0.053254,0.069123,0.050202
0.041352,-0.0065614,-0.010529,0.34958,0.20371,0.08957,0.075532,0.11673
0.019379,0.019989,-0.0099184,-0.034943,0.33036,0.11368,0.10605,0.11246
-0.050507,-0.15885,-0.037079,-0.26352,0.17807,0.11704,0.097505,0.13657
-0.12772,-0.50584,-0.049897,-0.0795,0.029755,0.044099,0.036774,0.096284
-0.13413,-0.14572,-0.033112,0.13779,0.0041199,0.011444,0.013581,0.027924
-0.058747,0.091402,-0.08896,-0.0080873,-0.038605,0.010529,0.0053407,-0.031891
-0.064546,0.040742,-0.11093,-0.2388,-0.062104,-0.025177,-0.022126,-0.07187
0.045014,-0.16831,-0.080415,-0.2678,-0.16037,-0.030976,-0.025177,-0.010224
-0.10178,-0.12161,-0.098726,-0.27115,-0.14176,-0.011139,0.005951,0.066072
-0.10788,0.0010681,-0.10269,-0.28611,-0.25223,-0.043793,-0.020294,0.017548
-0.23758,0.17227,-0.068208,-0.23178,-0.18601,-0.051728,-0.043183,-0.056916
-0.21286,0.29465,-0.090791,-0.2153,-0.045014,-0.0071717,-0.040436,-0.092927
0.025788,0.14572,-0.048066,-0.13901,0.0096132,-0.005951,-0.022126,-0.10147
0.30411,-0.16281,-0.046235,-0.10056,0.046845,-0.013275,-0.024872,-0.039216
0.4332,-0.28,-0.0077821,-0.043183,0.099336,0.00015259,-0.011444,0.041962
0.081636,-0.36027,-0.11734,-0.021515,0.17746,0.040131,0.037385,0.12467
-0.22507,-0.034943,0.022126,-0.1799,0.10819,0.028534,0.052338,0.11887
-0.24949,0.1207,-0.019684,-0.048371,0.19455,0.052338,0.059663,0.019684
-0.090791,-0.12345,-0.036469,-0.20005,0.31815,0.043488,0.039521,-0.063935
-0.046845,-0.16861,0.00015259,-0.33982,0.06363,0.050507,0.049287,-0.059052
0.12619,-0.2269,-0.017853,-0.54856,0.01297,0.042267,0.033722,0.0041199
0.034943,0.011139,-0.084993,-0.59739,-0.040436,0.014496,0.023041,0.085298
-0.10727,-0.11032,-0.086519,0.32975,-0.073091,-0.03006,-0.024872,0.053864
0.13931,-0.11582,-0.075837,0.80552,-0.010834,-0.0080873,-0.041047,-0.082246
0.025788,-0.19028,-0.1677,0.11429,-0.07126,0.06363,0.03769,0.12192
-0.39261,-0.13291,-0.074006,-0.23209,-0.19608,-0.017548,0.026093,0.14054
-0.29282,0.1677,-0.13962,-0.37675,-0.26993,-0.06363,-0.079194,-0.073091
-0.11795,0.049592,-0.074006,-0.19486,-0.17227,-0.048371,-0.043793,-0.074922
0.17472,0.31235,-0.042878,-0.096284,-0.068513,-0.066072,-0.048371,-0.085908
0.32609,0.29129,-0.046845,-0.078584,0.052949,-0.022736,0.024262,-0.041657
0.35203,0.14786,-0.044404,-0.31235,0.02945,0.0028992,0.044099,0.026093
0.11276,0.28946,-0.060273,-0.84001,0.052338,0.030365,0.034333,0.085908
-0.14755,0.26566,0.013581,0.12894,0.11673,0.065156,0.043183,0.13199
0.034943,0.35203,0.0032044,0.86015,0.19944,0.039216,-0.0068666,-0.034333
-0.0035096,0.018463,-0.065156,0.033722,0.38712,0.10361,0.077974,0.035248
0.062104,-0.69505,-0.032807,-0.19699,0.18082,0.075227,0.092317,0.087434
-0.16251,-1.0042,-0.024872,-0.24277,0.030365,0.037385,0.054475,0.046845
-0.37034,-0.68986,-0.048066,-0.22171,0.0010681,-0.00015259,0.016022,0.0035096
-0.30686,-0.11856,-0.053254,-0.20157,-0.04593,-0.019684,-0.028534,-0.11337
-0.24765,0.4506,-0.073091,-0.22141,-0.020905,-0.0071717,-0.0050355,-0.10513
0.05539,0.65568,-0.09659,-0.29862,-0.092927,-0.041047,-0.0080873,-0.11337
0.048981,-0.077668,-0.11612,-0.30777,-0.17227,-0.017853,-0.015717,-0.065766
-0.085603,-0.9926,-0.11673,-0.21317,-0.25284,-0.0019837,-0.025483,0.0068666
0.21408,-0.066072,-0.070039,-0.26169,-0.2269,-0.048066,-0.042573,-0.012055
-0.014801,0.16861,-0.018769,-0.22354,-0.091096,-0.015717,-0.0083925,0.13779
-0.056001,-0.10452,-0.066987,-0.13993,0.031891,-0.014191,0.0035096,0.10697
-0.056001,0.023957,-0.13565,-0.14481,0.068513,-0.0032044,0.0038148,-0.010834
0.0065614,0.31205,-0.00076295,-0.21164,0.041962,0.019989,0.040131,0.017548
-0.024262,0.087129,-0.078279,-0.25772,0.078584,0.00045777,0.02182,0.0090028
-0.10056,-0.019989,-0.0099184,0.1735,0.13382,0.0062562,0.014801,-0.0096132
-0.16007,0.052033,0.033417,0.51682,0.22385,0.061494,0.04654,-0.018769
-0.2269,0.0032044,0.0086976,-0.11246,0.31662,0.11643,0.090791,0.019074
-0.061189,-0.23148,-0.11673,-0.30716,0.14023,0.044099,0.06363,0.011444
0.077668,0.25864,-0.10971,-0.24979,0.04715,0.0083925,0.0032044,-0.045014
0.21317,0.44602,-0.0053407,-0.15885,-0.076753,0.041047,0.037385,0.09659
-0.11643,0.062409,-0.044404,-0.014496,-0.053864,0.042878,0.030365,0.18418
0.074006,-0.18784,-0.073091,-0.12985,-0.032197,0.0071717,-0.0022889,0.032807
0.22477,-0.42985,-0.095064,-0.21073,-0.095064,-0.036164,-0.027619,-0.06302
-0.034333,-0.40452,-0.11276,-0.24735,-0.13352,-0.032807,-0.033722,0.027314
-0.024567,-0.066682,-0.10452,-0.27817,-0.29679,-0.059968,-0.037079,0.023346
-0.11521,0.27878,-0.057832,-0.25162,-0.19242,-0.068208,-0.048371,-0.014496
-0.058137,0.088655,-0.070649,-0.24887,-0.018769,-0.041047,-0.039521,-0.0022889
0.092622,0.093233,-0.078889,-0.17685,0.032807,-0.0074769,0.014801,-0.021515
-0.12619,0.066072,-0.062104,-0.1268,0.016022,0.0086976,0.031891,-0.0056458
-0.11856,0.13138,-0.10025,0.28275,0.015412,-0.03006,-0.025177,-0.04654
-0.056916,-0.57206,0.0047303,-0.025483,0.13901,-0.0090028,-0.00045777,-0.079194
-0.13199,-0.25376,0.039826,-0.20371,0.12955,0.10452,0.065461,-0.0028992
-0.058747,-0.057832,-0.059052,-0.19089,0.28733,0.11887,0.070344,-0.0090028
0.0068666,-0.1854,-0.10971,-0.19669,0.24796,0.08072,0.080415,-0.020905
-0.12161,-0.37217,0.033722,-0.16922,0.082551,0.050507,0.069734,-0.0053407
-0.065461,-0.12741,-0.033112,-0.025483,0.059663,0.0099184,0.0086976,-0.038911
0.023041,0.069123,-0.039216,0.025483,-0.00015259,-0.0041199,-0.0044251,-0.016938
0.018769,0.30961,-0.10269,-0.10086,-0.030976,0.0032044,0.05539,0.090486
0.079194,0.25956,-0.073091,-0.050202,-0.081941,0.0013733,0.023651,0.075227
0.051118,-0.11856,-0.078889,-0.018769,-0.16281,0.0071717,-0.012055,0.070039
0.07187,-0.16037,-0.092622,-0.2623,-0.16831,-0.020905,-0.03769,0.030365
-0.042573,-0.26596,-0.092927,-0.32151,-0.22995,-0.053559,-0.06302,0.042267
-0.19547,0.12467,-0.099641,-0.38071,-0.14542,-0.030365,-0.022736,0.05539
-0.34409,0.2681,-0.092012,-0.19059,-0.04593,0.00045777,-0.00015259,0.070039
-0.17411,0.37766,-0.11124,-0.044709,0.033112,-0.011749,-0.010529,-0.049592
0.21683,0.33982,-0.0065614,0.043488,0.072175,-0.041352,-0.0096132,-0.1384
0.077363,-0.23423,-0.029755,0.0795,0.037995,0.039216,0.052338,0.016632
0.29038,-0.66972,-0.027619,-0.23941,0.17502,0.051118,0.018769,0.027314
0.18326,-0.36973,-0.044099,-0.15763,0.11795,0.042267,0.02121,0.016938
-0.028229,0.21866,0.022126,-0.12985,0.2858,0.10239,0.095979,0.16464
-0.11063,-0.024567,-0.035859,-0.026703,0.20462,0.046845,0.027619,0.093538
-0.057221,-0.10819,-0.020905,-0.079194,0.11673,0.024872,0.002594,-0.016632
-0.099031,-0.099641,0.0044251,-0.20005,0.025177,0.015106,0.02884,-0.018463
-0.12528,0.023346,-0.08072,-0.51652,-0.047761,0.0022889,0.025483,-0.013275
-0.11063,0.24796,-0.065156,-0.52018,-0.081331,-0.01297,0.011139,-0.06363
-0.010834,0.066682,-0.10025,-0.51591,-0.11795,-0.0035096,0.0065614,-0.022736
-0.13413,-0.18479,-0.16587,0.39933,-0.17227,0.0077821,-0.011444,0.10422
0.029145,-0.094759,-0.10483,0.88457,-0.18387,-0.06363,-0.042878,0.019379
-0.010529,-0.14786,-0.11704,-0.34257,-0.13199,-0.044099,-0.032502,-0.0047303
-0.048371,0.20859,-0.085298,-0.61234,-0.14206,-0.032197,-0.010529,0.021515
0.048981,0.41855,-0.057832,0.18235,0.0010681,-0.056001,-0.029145,-0.051423
-0.016938,-0.018158,-0.0383,-0.072175,0.12467,0.044099,0.050507,0.06363
0.0090028,-0.17594,-0.065156,-0.037079,0.042267,0.016632,0.03006,0.06363
0.078584,-0.034028,-0.066377,-0.014191,0.057221,-0.0047303,0.02121,0.017548
-0.10025,-0.42954,0.0077821,0.016632,0.051118,0.036469,0.049287,0.02945
-0.096284,-0.41825,0.033722,-0.10666,0.17716,0.089265,0.040131,-0.015106
-0.01297,-0.0206,-0.019074,-0.22019,0.32029,0.089876,0.033722,-0.052033
-0.041047,-0.16159,-0.052644,-0.26932,0.15,0.073396,0.036774,0.0080873
-0.054475,-0.28244,-0.08011,-0.10391,0.085298,0.07126,0.059052,0.076753
-0.11032,0.064546,-0.049897,-0.25834,-0.030365,0.016632,0.033417,0.041962
-0.11032,0.092622,-0.025483,-0.27146,-0.033112,0.0099184,0.019684,-0.0080873
-0.14817,0.2388,-0.074617,-0.19608,-0.052949,-0.0056458,-0.039521,-0.087434
-0.21897,0.40024,-0.094453,-0.29953,-0.12772,0.0044251,-0.010834,-0.022431
0.21653,0.14786,-0.12863,-0.3859,-0.092012,-0.012665,-0.017548,-0.033417
0.15427,-0.22965,-0.089265,0.16373,-0.28275,-0.070344,-0.078889,-0.032807
-0.045014,-0.23392,-0.034943,0.074311,-0.14389,-0.061494,-0.034333,0.11002
0.22141,-0.57786,-0.103,-0.10483,-0.065766,-0.041352,-0.0044251,0.025788
0.018769,-0.092317,-0.090181,-0.30259,-0.047761,-0.0077821,0.032807,0.057221
-0.1857,0.15732,-0.093538,-0.21317,0.061494,0.02121,0.037385,0.098421
-0.069123,-0.013886,-0.0035096,-0.14572,0.077668,-0.031281,-0.0044251,-0.063325
0.050202,0.039216,-0.053254,-0.17563,0.086519,0.002594,0.0050355,-0.061799
-0.19944,0.14786,0.0096132,-0.082551,0.12772,0.045014,0.033112,0.028229
-0.26383,0.13046,-0.0068666,-0.049592,0.27359,0.06302,0.060578,0.019074
-0.08896,0.12863,0.01236,-0.036774,0.29313,0.086824,0.063935,-0.090181
-0.07187,0.099336,-0.063935,-0.058747,0.1387,0.039216,0.042267,-0.082856
0.022126,-0.11154,-0.034028,-0.018769,0.027619,0.015106,0.027008,-0.044404
0.18509,-0.40787,-0.044709,-0.25193,-0.075837,-0.015106,0.009308,-0.0056458
-0.050813,-0.26505,-0.088045,-0.18326,-0.05478,0.032502,0.034028,0.14511
-0.056001,-0.0013733,-0.088045,-0.0795,-0.052644,0.016022,0.033112,0.13596
-0.07126,0.027619,-0.12131,-0.1976,-0.11032,-0.037995,-0.013581,0.011749
0.037995,0.028534,-0.10605,-0.25589,-0.20462,-0.029145,-0.010224,0.0099184
-0.063325,0.15427,-0.085908,-0.18601,-0.27512,-0.042878,-0.048371,0.023957
0.19181,0.28458,-0.08072,-0.13291,-0.12924,-0.02121,-0.059968,-0.033417
0.085908,0.066072,-0.075227,-0.12497,-0.0206,0.00076295,-0.02884,0.016632
0.099641,-0.11093,-0.068208,-0.15763,0.011139,-0.023957,-0.024872,0.020905
-0.0047303,-0.34104,-0.044404,-0.14145,0.055085,-0.028229,-0.025788,-0.046845
-0.16983,-0.29984,-0.040436,-0.17197,0.094453,0.03006,0.022126,0.013581
0.12833,0.3035,-0.018769,-0.17075,0.10758,0.056916,0.022736,0.047761
-0.065461,0.45365,0.020905,-0.085603,0.13809,0.029145,0.045319,0.078279
-0.13474,0.25345,0.0022889,-0.15213,0.35966,0.098726,0.08011,0.070039
-0.1677,-0.26749,-0.05417,-0.27848,0.25071,0.09781,0.064546,0.0071717
-0.17105,-0.31235,-0.082246,0.31693,0.081941,0.023346,0.026703,-0.023346
0.27878,0.018463,-0.058442,0.23056,0.0019837,-0.026093,-0.019074,-0.062715
0.04654,-0.31998,-0.038911,-0.14206,-0.099947,0.016938,0.030365,0.025483
-0.18692,-0.57694,-0.085298,-0.1735,-0.092317,0.016938,0.019989,0.079805
-0.15976,-0.2269,-0.048371,-0.13657,-0.081025,-0.017243,-0.0013733,0.02884
-0.03769,-0.26291,-0.14969,-0.32761,-0.085603,0.0019837,0.0032044,-0.031281
-0.071565,-0.31632,-0.088045,-0.32639,-0.25223,-0.041352,-0.048676,-0.057527
-0.11307,0.0383,-0.086824,-0.017548,-0.27329,-0.094759,-0.05478,-0.057221
-0.031281,0.052338,-0.075227,-0.27176,-0.10941,-0.072175,-0.045319,-0.095369
-0.0086976,-0.057527,-0.053254,-0.17777,0.026703,0.0062562,0.016022,-0.023651
-0.017548,0.14267,-0.06302,-0.19425,0.078279,0.065766,0.051423,0.05417
0.059358,0.33341,-0.058137,0.072786,0.027924,-0.0086976,0.0028992,0.027924
0.014191,0.33188,-0.040436,-0.011444,0.11215,0.009308,0.018158,0.025788
0.015412,0.34806,0.086824,-0.084382,0.15274,0.062104,0.061799,0.051118
0.025177,0.30747,-0.056306,-0.087434,0.18235,0.027008,0.024262,0.016938
-0.22507,-0.34501,-0.0038148,-0.28458,0.28794,0.095369,0.037995,0.025177
-0.24247,-0.45487,-0.077974,-0.60349,0.13931,0.091402,0.045624,0.0041199
-0.037079,-0.43778,0.019379,-0.23636,0.023651,0.048981,0.050202,0.026093
0.014191,-0.058747,-0.10025,0.40543,0.0096132,-0.011444,0.025788,0.059358
0.045319,0.18601,-0.062715,0.015412,0.034333,0.0068666,0.02182,0.085603
0.12772,0.20127,-0.21286,-0.00045777,-0.053254,0.0071717,0.0010681,0.02945
0.17777,0.29831,-0.042573,-0.17105,-0.10758,-0.015106,0.00045777,-0.014801
-0.11337,0.074006,-0.10636,-0.35142,-0.14786,-0.035859,-0.016938,0.013581
-0.11734,-0.056611,-0.058442,-0.54887,-0.31113,-0.037385,-0.033722,-0.032502
-0.09781,0.090181,-0.068818,-0.5626,-0.25834,-0.040131,-0.015106,-0.043183
-0.02121,-0.010529,-0.12345,0.20157,-0.06363,-0.05417,-0.052033,-0.052644
-0.096284,-0.52567,-0.058137,0.49729,0.094148,-0.03769,-0.048676,-0.096895
0.009308,-0.51286,-0.058747,0.10727,0.14054,0.0090028,0.017243,0.0077821
0.050507,-0.01297,-0.020905,-0.22293,0.039216,0.05539,0.068208,0.10605
-0.13931,0.40391,-0.016632,-0.23514,0.074006,0.074617,0.058137,0.12589
0.08835,0.27756,0.013275,-0.13321,0.14633,0.057221,0.00076295,-0.036774
0.16434,-0.49577,0.017243,-0.094453,0.24582,0.072175,0.063325,0.0010681
0.06302,-0.4271,-0.048981,-0.1387,0.25589,0.096895,0.08072,0.089876
-0.041352,0.18784,-0.070039,-0.1912,0.10239,0.045014,-0.0056458,0.016938
-0.024567,0.27878,-0.0019837,-0.14145,-0.039216,0.014191,0.011444,0.047761
-0.12589,-0.24277,-0.048371,-0.18936,0.017243,0.012665,0.026093,-0.0028992
0.0035096,-0.37034,-0.090181,-0.20523,-0.002594,0.018158,0.014801,-0.021515
-0.18631,-0.036164,-0.093233,-0.18723,-0.11795,0.012055,0.0383,0.034333
-0.21744,0.0047303,-0.088045,-0.14389,-0.14878,-0.044099,-0.025177,-0.0090028
-0.13046,-0.031891,-0.11673,-0.17502,-0.16892,-0.043183,-0.035248,-0.049287
0.16068,0.12345,-0.094759,-0.17502,-0.28458,-0.069123,-0.064851,-0.048371
0.062104,0.17411,-0.085908,-0.19913,-0.16617,-0.066377,-0.056001,0.038911
0.015717,0.033112,-0.066072,-0.23026,-0.049287,-0.0086976,-0.00045777,0.1442
0.15732,0.013886,-0.052033,-0.13352,0.08072,0.013275,-0.0206,-0.0050355
-0.068208,-0.19272,-0.070039,-0.032197,0.086519,0.016632,-0.00015259,-0.010834
-0.039216,-0.12863,-0.040436,-0.11307,0.057527,0.00045777,-0.016938,-0.042573
0.031891,0.0071717,-0.010834,-0.05539,0.095674,0.0065614,0.010834,-0.047761
-0.08835,-0.17868,0.00015259,-0.024567,0.14298,0.036774,0.035248,0.039216
-0.11398,-0.016022,-0.031891,-0.10727,0.38224,0.070344,0.053864,-0.0068666
-0.13993,0.07248,-0.02884,-0.076753,0.24552,0.04715,0.052338,-0.015717
-0.21317,0.21408,-0.024262,-0.11978,0.026093,0.0099184,0.039826,-0.025788
-0.16892,0.2623,-0.035554,-0.093233,-0.034943,0.0038148,0.037079,-0.048676
-0.098116,0.29374,-0.0795,-0.1561,-0.00076295,-0.016022,0.041657,-0.059968
-0.27878,-0.077668,-0.077058,-0.17288,-0.030671,0.011444,0.015717,0.005951
-0.0022889,-0.37003,-0.084993,-0.14603,-0.1387,-0.0047303,-0.036774,-0.026703
0.10636,-0.33371,-0.14054,-0.26352,-0.10605,-0.027619,-0.023041,0.040131
0.35264,0.14328,-0.1149,-0.21073,-0.24491,-0.011444,0.031891,0.25101
0.25162,0.42588,-0.065156,-0.14755,-0.28367,-0.011139,-0.011139,0.17411
0.16403,0.1622,-0.06302,-0.14115,-0.085603,-0.023041,-0.041657,0.085908
0.12436,-0.13657,-0.067292,-0.10483,0.023346,-0.018769,-0.022126,-0.05478
0.09659,-0.61967,-0.064546,-0.14328,0.074006,-0.0068666,0.0013733,-0.066072
-0.033417,-0.78019,-0.032502,-0.098421,0.065766,0.022736,-0.0032044,-0.06302
-0.25711,-0.24704,-0.041657,-0.095369,0.082246,0.015412,0.032197,0.046845
-0.28428,0.18967,0.0077821,-0.01236,0.14817,0.041352,0.0383,-0.019684
-0.18418,-0.0028992,-0.013581,0.0206,0.20371,0.057221,0.024262,-0.051728
-0.08011,-0.17166,-0.050813,-0.13718,0.33402,0.06424,0.051118,-0.028229
0.061189,-0.091707,-0.045014,-0.17502,0.12436,0.055085,0.051423,0.017548
0.16922,0.011139,-0.023041,-0.13657,0.013275,0.049287,0.025177,0.074617
0.15274,0.22354,-0.041962,-0.12955,0.030365,0.042878,0.022126,0.092927
-0.014801,0.19272,-0.055695,-0.17166,-0.028229,0.026398,0.015412,0.077668
-0.17716,0.056001,-0.074617,-0.20798,-0.082856,-0.0028992,0.018769,0.032807
-0.15183,0.085603,-0.11124,-0.23941,-0.1445,-0.023957,0.0047303,-0.032502
-0.16312,0.10666,-0.12558,-0.19974,-0.15,-0.018769,-0.0074769,-0.0053407
-0.05478,0.25193,-0.14054,-0.1735,-0.28916,-0.049287,-0.04654,-0.0028992
-0.073091,0.32456,-0.050507,-0.04715,-0.18112,-0.074006,-0.070039,-0.093843
-0.13382,0.048676,-0.032502,-0.0050355,0.0074769,-0.03006,-0.023041,-0.10147
0.049287,-0.28763,-0.040436,-0.0972,0.057221,-0.013886,-0.034943,-0.11398
0.0035096,-0.5568,-0.1149,-0.25193,0.052949,-0.012665,-0.019074,-0.056611
-0.040742,-0.37858,-0.032807,-0.14328,-0.034943,0.018463,0.029755,0.097505
-0.055695,-0.13046,-0.027619,0.0071717,0.090181,0.051118,0.040436,0.11612
-0.16312,0.11826,-0.034638,-0.085298,0.18936,0.031586,0.014801,0.02182
-0.10941,0.17258,0.0062562,-0.18387,0.24826,0.045624,0.03006,-0.024262
-0.0056458,-0.063935,0.019379,-0.18387,0.262,0.096895,0.079194,0.015717
0.14694,-0.18875,-0.04715,-0.19547,0.12985,0.051728,0.031281,0.011749
0.38285,-0.011444,-0.099641,-0.05478,0.043488,0.023041,0.011139,0.031891
0.0013733,0.072175,-0.047761,-0.0032044,-0.067903,-0.010834,0.037079,0.1091
-0.083772,-0.099947,-0.103,0.0035096,-0.02945,-0.027008,0.00045777,-0.002594
-0.14572,-0.30686,-0.034028,-0.071565,-0.095369,0.016022,0.023651,-0.022736
-0.077058,-0.2269,-0.08072,-0.2562,-0.15396,0.044709,0.025788,0.10147
0.2208,0.18723,-0.11246,-0.49851,-0.1564,-0.019989,-0.031891,0.052338
0.084688,0.1445,-0.088655,-0.10147,-0.30625,-0.065766,-0.060578,-0.009308
0.035554,0.21866,-0.13993,-0.0206,-0.13993,-0.027008,-0.048676,0.0068666
-0.10605,0.43656,-0.028534,-0.0032044,-0.0056458,-0.035554,-0.023651,-0.030365
-0.24277,0.32792,-0.04715,-0.14664,0.02884,-0.026093,0.0041199,-0.0074769
-0.27604,-0.62303,-0.078584,-0.25925,0.081331,0.0032044,0.012665,-0.022126
-0.19699,-0.8159,-0.054475,-0.49912,0.087739,0.0068666,-0.0065614,-0.059968
-0.24887,-0.064546,-0.014191,-0.62211,0.051728,0.030365,0.037385,-0.0047303
-0.11337,-0.031891,0.040131,0.24033,0.11673,-0.0077821,0.017243,-0.022736
0.018158,0.023957,-0.0013733,0.64744,0.39506,0.04715,0.033112,-0.074617
0.002594,0.11795,-0.06424,0.39445,0.33249,0.15396,0.14145,0.070649
0.16281,-0.08835,-0.070344,-0.24308,0.053864,0.06363,0.056306,0.070649
0.44236,-0.17044,-0.070954,-0.36973,-0.055085,0.01236,-0.0035096,-0.024567
0.13474,-0.071565,-0.092012,-0.43992,-0.098116,0.019989,0.024262,0.13474
0.14633,0.24216,-0.026703,0.0074769,-0.10575,-0.02884,-0.0083925,0.13993
0.019074,0.2562,-0.018158,-0.23575,-0.059968,-0.035859,-0.019684,0.039826
-0.14664,0.090486,-0.10086,-0.3563,-0.081025,0.013275,0.032197,0.090486
-0.18296,-0.074311,-0.18326,-0.62058,-0.2562,-0.017548,-0.0044251,0.01297
-0.06363,-0.11795,-0.08957,-0.085908,-0.31418,-0.093538,-0.09781,-0.15152
0.025788,0.0080873,-0.074922,0.34806,-0.039521,-0.019684,-0.030365,-0.070954
-0.10727,0.019989,-0.063325,-0.13687,0.059663,0.045014,0.022126,0.055085
-0.012665,0.051728,-0.051118,-0.30808,0.02182,-0.011139,-0.0035096,-0.00076295
-0.17075,0.039521,-0.061189,0.005951,0.033722,-0.013886,-0.024872,-0.035554
-0.13016,-0.23178,-0.038911,-0.13077,0.09781,0.030976,-0.014496,-0.024262
-0.059968,-0.12833,0.009308,-0.43046,0.083467,0.035248,0.00045777,-0.015412
-0.0041199,0.036469,0.0206,0.015717,0.17258,0.022126,0.027924,0.045319
-0.0065614,0.070649,-0.017853,0.34104,0.40482,0.067292,0.07187,0.061799
0.15152,0.0096132,-0.045624,0.28611,0.2678,0.071565,0.065766,0.024872
-0.059968,-0.48234,-0.05478,0.019684,0.029145,0.056611,0.057527,0.034028
-0.05478,-0.09781,-0.048066,-0.25803,-0.065156,0.014496,0.029755,0.040436
-0.061799,0.043488,-0.052949,-0.36118,-0.10208,-0.0077821,0.018769,-0.0019837
-0.083162,-0.016632,-0.048066,-0.31601,-0.091707,0.0044251,0.012055,-0.0062562
-0.10056,-0.17288,-0.10758,-0.27176,-0.14664,-0.013581,-0.021515,-0.02121
-0.053864,-0.16098,-0.15732,-0.1146,-0.1387,-0.041047,-0.033417,-0.046845
-0.076753,0.054475,-0.15854,-0.21408,-0.29465,-0.040131,-0.0206,0.0071717
-0.084993,0.085908,-0.052338,-0.37156,-0.20829,-0.044099,-0.019684,-0.011444
-0.041657,-0.00045777,-0.0090028,-0.25559,-0.035554,-0.06302,-0.056001,-0.096284
-0.026703,0.12924,-0.11704,0.015717,0.053864,-0.037995,-0.036774,-0.067903
0.013275,0.28672,-0.02884,0.051118,0.086213,-0.0056458,0.0032044,-0.037079
-0.0032044,0.20676,-0.056916,-0.08072,0.066072,0.049287,0.041657,0.0096132
-0.039521,-0.12009,-0.021515,-0.15122,0.13596,0.026703,0.025177,0.034333
-0.019074,-0.17075,0.033417,-0.18173,0.11398,0.0062562,0.034028,0.13016
0.015106,-0.14664,-0.013581,-0.12039,0.23301,0.068513,0.051118,0.11978
-0.10391,-0.34104,-0.020294,-0.29129,0.25711,0.10666,0.065766,0.048981
0.055695,-0.47593,-0.059052,-0.38468,0.13107,0.011139,0.034028,-0.032502
0.0065614,-0.16861,-0.081941,-0.080415,0.00045777,0.010529,0.051728,-0.00015259
0.0041199,0.045319,-0.041962,0.61997,-0.037079,0.016327,0.023651,0.019074
-0.10941,-0.1503,-0.064851,-0.23117,-0.0028992,0.041047,0.015106,0.054475
-0.046845,0.17319,-0.082551,-0.35355,-0.10483,0.021515,0.0071717,0.033417
-0.043183,0.38529,-0.12528,-0.19699,-0.17624,-0.034943,-0.00076295,-0.03769
-0.11002,0.24125,-0.10452,-0.20951,-0.15732,-0.011749,-0.00015259,-0.0041199
0.014801,-0.29068,-0.096895,-0.1146,-0.26047,-0.051423,-0.053254,-0.039826
0.14054,-0.12192,-0.058747,-0.056611,-0.12558,-0.074617,-0.033722,-0.024567
0.039826,-0.019379,-0.059968,-0.31754,-0.032197,-0.040131,-0.018769,0.043488
0.0038148,-0.050813,-0.090791,-0.47471,0.047761,-0.0056458,-0.0083925,0.041962
-0.08835,-0.12222,-0.059968,-0.20127,0.026093,-0.017243,0.0035096,0.015106
-0.06302,-0.075837,-0.01236,0.35111,0.091402,-0.010224,-0.0065614,-0.02945
-0.093843,-0.053559,-0.018463,0.31205,0.19486,0.041657,0.00045777,-0.057832
-0.068818,-0.029755,0.013581,-0.0086976,0.14908,0.089876,0.061799,-0.029145
-0.024262,-0.019989,-0.04654,-0.12375,0.24125,0.066987,0.073396,-0.027619
-0.0086976,0.036469,-0.031586,-0.17868,0.18021,0.069734,0.071565,0.02182
-0.024567,0.011139,-0.040742,-0.21347,0.087434,0.045624,0.037385,0.03769
-0.045319,-0.057832,-0.044099,-0.21744,-0.0206,0.052949,0.020905,0.023346
-0.026703,-0.056916,-0.034943,-0.2211,-0.063325,0.036774,0.013886,0.0053407
-0.024872,-0.094148,-0.087434,-0.17594,-0.053559,0.0099184,-0.00045777,0.0035096
0.0010681,-0.019989,-0.095979,-0.19913,-0.049592,0.010224,-0.033112,-0.0035096
0.025788,0.13565,-0.11978,-0.25437,-0.095064,-0.023651,-0.034638,-0.0053407
0.019989,0.21378,-0.11063,-0.16709,-0.2562,-0.040131,-0.030976,0.042267
0.0077821,0.33829,-0.058747,-0.078584,-0.27115,-0.089876,-0.04593,0.030976
-0.031891,0.15763,-0.10025,-0.37186,-0.10636,-0.06363,0.0010681,0.015717
-0.045319,-0.069429,-0.050202,-0.50584,0.02945,-0.026093,0.009308,0.017853
-0.21927,-0.22416,-0.084993,-0.40818,0.079194,0.0044251,0.026703,0.059968
-0.28733,-0.1326,-0.058747,0.56046,0.015717,0.0068666,0.016022,0.0071717
-0.093538,0.28977,-0.024872,0.26535,0.13687,0.010224,-0.0090028,-0.061189
-0.051118,0.48081,0.011444,-0.067597,0.16007,0.045624,-0.0050355,-0.033722
0.015106,-0.42466,0.011444,-0.075227,0.20554,0.068818,0.023346,-0.01297
0.15518,-0.64164,-0.051118,-0.15305,0.3035,0.072786,0.063325,-0.031891
0.082551,-0.49668,-0.068513,-0.11978,0.12222,0.062409,0.067292,0.045624
0.044099,-0.4506,-0.084077,-0.07248,0.0056458,0.052338,0.067292,0.11185
0.23087,0.12589,-0.058442,-0.18692,-0.025788,-0.0041199,0.020905,0.01297
0.079805,-0.095369,-0.0038148,-0.36545,-0.055695,-0.012055,-0.0032044,0.025483
-0.15946,-0.97063,-0.040436,-0.51987,-0.084077,-0.020905,0.0099184,0.039216
-0.12253,-0.58305,-0.12863,-0.063325,-0.066072,-0.014191,0.005951,0.0038148
0.099947,0.3978,-0.14633,0.10178,-0.098116,-0.050507,-0.049592,-0.058747
0.039521,0.46159,-0.074311,0.0019837,-0.26993,-0.023651,-0.016632,0.057221
0.034028,0.37766,-0.062715,-0.36149,-0.19486,0.038605,-0.010834,0.093538
-0.090181,0.25071,-0.053864,-0.094453,-0.081636,-0.0383,-0.022431,0.0056458
0.038911,0.042267,-0.077363,0.15091,0.027619,-0.021515,-0.002594,-0.016327
-0.031586,-0.29374,-0.0795,-0.069429,0.090486,0.020905,0.023957,0.041352
-0.13352,0.016632,-0.051118,-0.15061,0.032197,0.019989,0.069734,0.11185
-0.15152,0.25925,-0.025788,-0.16281,0.045319,0.0090028,0.0074769,0.02945
-0.1445,0.10513,0.037995,-0.14694,0.1265,0.010529,0.0019837,-0.031891
0.081331,0.094759,-0.0077821,-0.10636,0.30381,0.05539,0.037385,-0.031891
-0.058137,0.14389,-0.031586,-0.055085,0.27237,0.080415,0.051728,-0.013581
-0.13657,-0.15213,-0.050202,-0.14359,0.121,0.037079,0.047761,0.012055
-0.049897,0.022736,-0.041047,-0.2501,-0.0050355,0.016327,0.016022,-0.03769
-0.026398,-0.099641,-0.056306,-0.19272,-0.042878,0.015412,0.002594,-0.035859
-0.13931,-0.3798,-0.1445,-0.24308,0.019684,0.01297,0.025788,0.0016785
-0.084077,-0.10483,-0.00076295,-0.43351,-0.082856,-0.026398,-0.0053407,-0.041047
-0.055695,-0.013581,-0.14511,-0.32639,-0.15549,-0.0071717,-0.024872,-0.048371
-0.13321,0.067597,-0.095979,-0.41886,-0.20218,-0.048066,-0.050507,-0.059052
0.049592,0.23606,-0.12833,-0.085603,-0.32975,-0.079194,-0.062715,-0.049897
0.16892,0.41886,-0.076143,0.18021,-0.12924,-0.065766,-0.039826,-0.085908
0.077974,0.13382,-0.044709,0.32151,0.013581,0.020905,0.036164,0.078279
0.039826,-0.084382,-0.05478,0.30869,0.08011,0.022126,0.031281,0.11673
0.097505,-0.33799,-0.058137,-0.28702,0.12161,0.012665,0.022126,0.056001
-0.085298,-0.56687,-0.042267,-0.3267,0.040131,0.018769,0.027314,0.045319
-0.077668,0.0206,-0.0038148,0.058747,0.094759,0.022736,0.018158,-0.009308
-0.10422,0.27359,0.0053407,0.050813,0.17838,0.065156,0.039216,0.034028
0.19364,0.18173,-0.052033,0.092927,0.2858,0.11795,0.084077,0.04593
-0.05478,-0.052949,0.015412,-0.15366,0.21195,0.069734,0.07187,0.066377
-0.15763,-0.26383,-0.055695,-0.56291,0.083772,0.022736,0.02182,0.10483
-0.19303,-0.44175,-0.053864,-0.5214,-0.065766,0.022431,0.014191,0.04593
-0.066682,-0.35264,-0.10819,0.2034,-0.075837,-0.0068666,-0.0032044,-0.010224
0.038911,0.18967,-0.07126,0.35416,-0.039826,-0.035859,-0.031281,-0.064546
0.10086,0.43381,-0.027619,-0.1445,-0.1033,0.03006,0.014191,0.016938
0.050507,0.095369,-0.13382,-0.3505,-0.068513,0.0068666,0.0068666,0.034943
-0.073396,-0.262,-0.11246,-0.36606,-0.23819,-0.049592,-0.036774,-0.011139
-0.066682,-0.327,-0.094453,-0.37675,-0.27115,-0.083772,-0.045624,-0.068208
-0.14633,-0.21439,-0.08072,-0.21317,-0.12467,-0.014801,-0.016632,-0.060883
-0.19272,-0.20768,-0.06424,-0.20706,0.01297,-0.0019837,-0.016632,-0.045014
-0.12009,-0.38468,-0.059968,-0.23545,0.1146,-0.0062562,-0.0032044,-0.078889
-0.041352,-0.024262,-0.035554,-0.11917,0.041352,0.02945,0.019989,-0.045014
-0.014496,0.25864,-0.041962,-0.11276,0.069734,0.040742,0.030976,-0.00045777
-0.014191,0.25834,-0.00015259,0.06424,0.11643,0.052644,0.019989,0.038911
0.032807,0.19577,0.026093,0.063325,0.2446,0.062409,0.035859,0.044404
0.046235,0.21744,-0.0077821,-0.13962,0.30167,0.073091,0.096284,0.11276
-0.035248,-0.038911,-0.048371,-0.21164,0.18082,0.078889,0.077974,0.066682
-0.033417,-0.20981,-0.068208,-0.060883,0.10422,0.033417,0.056611,0.027924
-0.028229,0.002594,-0.058747,-0.11124,-0.056001,0.0038148,0.027924,0.017243
0.015106,-0.12802,-0.093233,-0.27359,-0.05478,0.013886,0.013886,0.035554
0.045319,-0.25956,-0.083162,-0.043183,-0.069429,0.0047303,-0.029755,0.023957
0.072175,0.002594,-0.13779,-0.069734,-0.10178,-0.029755,-0.025483,0.072175
0.10391,0.10758,-0.083467,-0.33677,-0.1503,-0.055085,0.0038148,0.031586
0.0096132,-0.08011,-0.026703,-0.10636,-0.3035,-0.029145,0.014801,0.092927
-0.072175,-0.11093,-0.13352,-0.060578,-0.14328,-0.023041,-0.015717,0.045014
-0.065461,-0.0016785,-0.11673,-0.57877,-0.041047,-0.051423,-0.017243,-0.051728
0.0038148,0.10544,-0.05478,-0.12985,0.02182,-0.020294,-0.033417,-0.067903
-0.0074769,0.056611,0.0041199,0.22324,0.049592,0.03006,-0.010529,-0.027314
-0.085298,-0.02945,-0.11948,-0.013581,0.090181,0.018463,0.0096132,0.02121
-0.14817,-0.0062562,0.040131,-0.11704,0.10178,0.013275,0.015717,-0.0044251
-0.075227,0.11398,0.03006,-0.058747,0.11856,0.026398,0.019684,-0.053864
-0.14389,0.14267,-0.010834,-0.13474,0.28855,0.063325,0.033112,-0.0383
-0.098116,0.1207,-0.014496,-0.19211,0.2623,0.053559,0.045624,-0.0044251
0.11429,0.099336,-0.059968,-0.1738,0.13993,0.009308,0.0099184,0.00076295
-0.10178,-0.57267,-0.062104,0.14817,-0.0086976,0.018463,0.016632,0.034333
0.013581,-0.75822,-0.058137,-0.12589,-0.072175,0.040131,0.037995,0.0035096
-0.027314,-0.24063,-0.067903,-0.2974,-0.056001,0.013886,0.043183,0.031281
-0.11521,-0.1735,-0.090181,-0.21592,-0.0972,0.019074,0.027008,0.0795
0.017853,0.10117,-0.11521,-0.3621,-0.13169,0.00045777,0.011749,0.042267
-0.047761,0.082551,-0.10086,-0.32395,-0.17014,-0.042878,-0.017548,-0.0056458
-0.079805,0.093233,-0.10147,-0.21622,-0.29557,-0.043488,-0.059052,-0.025788
0.098726,0.15396,-0.036774,0.0071717,-0.12375,-0.04654,-0.036469,-0.02945
0.035554,0.14542,-0.063325,-0.1973,0.0080873,-0.037995,0.015412,0.019379
-0.010529,0.25528,-0.085298,-0.28,0.091707,0.026398,0.02884,0.061494
0.13931,0.09781,-0.036469,0.26566,0.039216,0.0068666,-0.018158,0.024262
0.048066,-0.25956,-0.068513,-0.052338,0.092012,-0.005951,-0.0013733,0.050202
-0.011139,-0.16587,-0.051118,-0.16953,0.11429,0.0099184,0.051118,0.094759
0.045319,0.12924,-0.005951,0.20981,0.11765,0.010224,0.005951,-0.013581
-0.22446,0.023346,0.038605,0.00076295,0.33463,0.10178,0.079805,0.045624
-0.22751,0.018463,0.0056458,-0.098726,0.20829,0.090486,0.081331,0.025177
-0.09781,0.053254,-0.059052,-0.26169,0.14603,0.030976,0.029145,-0.085298
0.06302,0.075532,-0.068818,-0.32761,-0.0053407,0.0383,0.05417,-0.039521
0.045624,-0.072175,-0.082551,-0.087739,-0.1265,0.0032044,0.005951,-0.0090028
0.15824,-0.11429,-0.092622,-0.011139,-0.055695,-0.040131,-0.035554,-0.041657
-0.12619,-0.11246,-0.094148,-0.084688,-0.09781,-0.0041199,0.0047303,0.0013733
-0.072786,-0.12192,-0.14176,-0.36881,-0.12528,-0.0056458,-0.0032044,-0.01297
-0.18387,-0.18051,-0.08957,-0.30167,-0.28458,-0.031891,-0.034943,0.0096132
-0.1326,-0.11673,-0.023957,0.076143,-0.2327,-0.053559,-0.045014,0.019074
0.002594,-0.019684,-0.090791,-0.010529,-0.026703,-0.055085,-0.028534,-0.053864
-0.032807,-0.059968,-0.095369,-0.20127,0.0080873,-0.0099184,-0.0047303,0.013581
-0.032502,-0.063935,-0.048981,-0.18479,0.026703,0.0071717,-0.013581,0.033112
0.12406,-0.25406,-0.0028992,-0.12558,0.063325,0.0028992,0.00045777,0.014191
0.052033,-0.064546,-0.056611,-0.18509,0.12192,0.036774,0.029145,0.041352
-0.063935,0.12436,-0.018158,-0.17502,0.12192,0.040131,0.032197,0.045014
-0.065766,0.0077821,0.0206,-0.050813,0.16434,0.062715,0.045014,0.031891
-0.08072,-0.12436,-0.07126,-0.15396,0.35447,0.080415,0.054475,0.018769
-0.041047,0.16587,0.018158,-0.06302,0.14389,0.061189,0.051423,-0.0071717
0.038911,0.10788,-0.04593,-0.025483,0.0053407,0.059052,0.060273,0.0068666
0.13535,-0.00015259,-0.052338,-0.14389,-0.013581,0.019074,0.018158,0.024262
0.031586,-0.25956,-0.069429,-0.15122,-0.034943,0.0099184,0.015106,0.078279
-0.027314,-0.17807,-0.10452,-0.23789,-0.040436,-0.0013733,-0.0096132,0.038911
-0.050507,0.079194,-0.083162,-0.16709,-0.15457,-0.018158,-0.023346,-0.02121
-0.087129,0.0206,-0.12863,-0.24125,-0.1561,-0.0028992,-0.012055,0.016632
-0.10361,0.0074769,-0.10117,-0.24491,-0.25986,-0.044099,-0.059663,-0.0056458
-0.083772,-0.093843,-0.074006,-0.084688,-0.18479,-0.05539,-0.039826,-0.032502
-0.081025,0.11154,-0.078889,-0.096895,-0.032807,-0.02182,0.01297,0.0053407
-0.041047,0.029755,-0.074922,-0.16983,0.061494,-0.0032044,0.013275,0.010529
-0.012665,-0.075532,-0.045624,-0.12863,0.051423,0.010834,-0.0086976,-0.044709
0.027008,0.03006,-0.04593,-0.11887,0.036774,0.0086976,-0.014496,-0.019074
-0.0056458,-0.076753,-0.031891,-0.06424,0.11582,0.022736,0.031891,0.039521
0.078584,-0.11246,0.015412,-0.05478,0.15396,0.028534,0.029755,-0.002594
-0.066072,-0.16434,-0.0077821,-0.11124,0.27573,0.046235,0.055695,0.027924
-0.090181,-0.12192,-0.035554,-0.13321,0.26688,0.080415,0.070649,0.046845
-0.081025,-0.051728,-0.042267,-0.18357,0.090181,0.05539,0.035859,0.010529
-0.091707,0.045624,-0.055695,-0.11643,0.0068666,0.022736,0.012055,0.013581
-0.018158,0.026093,-0.044099,0.056916,-0.04715,0.005951,-0.0047303,-0.01236
-0.052644,-0.051728,-0.07187,-0.07248,-0.018158,0.01297,0.013886,0.027008
-0.0062562,-0.019684,-0.078279,-0.17868,-0.093233,0.002594,0.010529,0.031281
-0.031586,0.0056458,-0.12467,-0.20981,-0.14206,-0.026398,-0.027008,0.016022
-0.10361,-0.02884,-0.10727,-0.25345,-0.19242,-0.025788,-0.016938,0.033722
-0.085908,-0.058137,-0.076448,-0.36423,-0.28458,-0.053254,-0.050813,-0.045014
-0.016938,-0.056611,-0.042573,-0.61112,-0.14145,-0.045624,-0.036774,-0.064851
-0.02884,-0.064546,-0.091402,-0.69963,-0.047761,-0.033417,-0.010224,-0.055695
0.16739,0.19059,-0.1146,0.44297,0.030365,-0.033112,-0.0053407,-0.082856
0.21134,0.47257,-0.033722,0.64286,0.12009,-0.019684,0.010834,-0.014496
0.023651,0.37797,-0.0022889,0.19272,0.14023,0.09659,0.083772,0.21988
-0.059968,-0.36545,-0.035859,0.12192,0.14054,0.091707,0.067292,0.15122
-0.15366,-0.76005,-0.017548,-0.19883,0.17441,0.050202,0.041352,0.043183
-0.16678,-0.13993,-0.019989,-0.3386,0.28641,0.079194,0.057527,0.012055
-0.030671,0.11795,-0.0022889,-0.037079,0.17258,0.07126,0.047456,-0.0044251
-0.042878,-0.042267,0.0074769,-0.20096,0.087434,0.022736,0.060273,-0.020905
-0.081025,-0.25772,-0.059968,-0.262,-0.00076295,0.027008,0.022736,0.005951
0.024872,-0.049592,-0.14328,0.051728,-0.037385,-0.032807,0.019989,0.017243
0.0016785,0.28244,-0.10086,0.10727,-0.052644,-0.048371,0.032197,-0.002594
-0.028229,0.21469,-0.065156,-0.35447,-0.11612,0.018463,0.011139,0.031891
-0.057832,-0.098421,-0.13931,-0.45701,-0.15335,0.023346,0.024872,0.073701
-0.041962,-0.46403,-0.094148,-0.392,-0.26322,-0.018158,-0.040742,0.02121
-0.07187,-0.50645,-0.012665,-0.27359,-0.24949,-0.071565,-0.10727,-0.058747
-0.068818,-0.36881,-0.099031,-0.36851,-0.0206,-0.047456,-0.058747,-0.072175
0.034028,0.12955,-0.078889,0.38102,0.024262,-0.051423,-0.0086976,-0.08896
-0.032502,0.08835,-0.056306,0.28641,0.0795,-0.0056458,0.011139,-0.02945
-0.096895,-0.0074769,-0.084077,-0.20951,0.08011,0.026093,0.029755,0.042878
-0.060883,0.022736,-0.041047,-0.25193,-0.00015259,0.023346,0.0013733,0.0028992
-0.015717,0.090486,0.042878,-0.1561,0.084077,0.048676,0.002594,-0.0013733
0.018158,0.15396,0.031891,-0.12131,0.23209,0.060273,0.019074,0.023041
0.098116,0.2327,-0.018158,-0.13596,0.34287,0.060578,0.047456,0.065461
-0.064546,0.1912,-0.066987,-0.18601,0.17899,0.056916,0.077668,0.061189
-0.051118,0.034333,-0.044099,-0.20768,0.022736,0.069429,0.053559,0.026093
-0.11917,-0.14389,0.0032044,-0.20554,-0.075532,-0.0086976,-0.0019837,0.017853
-0.22934,-0.26017,-0.11643,-0.38132,-0.022736,-0.013886,-0.018158,-0.0032044
-0.030671,-0.091707,-0.092317,-0.33585,-0.044404,-0.011139,-0.015106,-0.077363
0.29191,0.043488,-0.11307,0.077668,-0.14786,0.00015259,0.0065614,-0.037079
0.32395,0.17441,-0.083162,0.23331,-0.067292,-0.0041199,0.043183,0.14664
0.0086976,0.044099,-0.099641,-0.084993,-0.2678,-0.031281,0.024872,0.21042
-0.058137,0.075227,-0.081025,-0.26535,-0.2446,-0.032807,-0.038911,0.056611
-0.034638,0.098421,-0.072175,-0.21225,-0.062104,-0.027619,-0.026703,-0.024872
-0.073396,-0.06424,-0.12467,-0.19089,0.0383,0.0032044,-0.015106,-0.023346
-0.16587,-0.40238,-0.018158,-0.057221,0.059358,0.0062562,-0.01236,-0.028229
-0.088045,-0.054475,-0.038911,-0.049287,0.057527,-0.013886,0.0010681,-0.038911
0.0038148,0.12619,-0.019074,-0.31418,0.1146,-0.015412,0.018158,-0.04654
0.013275,-0.20218,-0.0090028,0.1622,0.11978,0.014801,0.015106,-0.020294
-0.018158,-0.27817,0.038605,0.1445,0.27695,0.058442,0.045014,0.019074
-0.021515,0.056306,-0.0206,-0.26108,0.31724,0.12741,0.086824,0.078584
-0.11337,0.16464,-0.14389,-0.27298,0.074311,0.045319,0.016022,-0.002594
-0.09781,0.22965,-0.067903,-0.28458,-0.086213,0.031586,0.019989,0.012055
-0.070649,-0.08072,0.038605,-0.15793,-0.15946,0.0013733,0.012055,0.0035096
-0.04715,-0.17197,-0.048676,-0.073396,0.081636,0.021515,0.02884,0.035859
-0.0041199,0.043793,-0.057832,-0.23026,0.085603,0.016938,0.036164,0.032807
-0.093538,-0.31205,-0.12741,-0.44694,-0.20462,-0.015717,-0.0086976,0.019379
-0.14878,-0.21653,-0.103,-0.34012,-0.23209,-0.022126,-0.045319,-0.050507
0.036164,0.02121,-0.12467,-0.15366,-0.27939,-0.10391,-0.11917,-0.11765
0.070649,0.14267,-0.060883,0.31052,-0.11429,-0.075837,-0.072786,-0.081025
-0.018463,0.031281,-0.044404,-0.064851,0.023957,0.031586,0.009308,0.034943
0.044404,-0.14542,-0.080415,-0.0080873,0.056916,0.01297,0.0071717,0.040436
-0.018158,-0.45457,-0.11093,-0.10544,0.039521,-0.022126,0.0010681,-0.030976
-0.075532,-0.42252,-0.038605,-0.31907,0.055695,0.015106,0.026703,-0.011444
-0.168,-0.1088,0.035554,-0.65171,0.084077,0.034638,0.028229,0.015106
-0.215,-0.35416,-0.017853,-0.486,0.14206,0.046235,0.047456,0.017548
0.12467,0.21927,-0.05417,0.96818,0.33494,0.014191,0.0038148,-0.10239
0.26841,0.6157,-0.030365,0.79789,0.31327,0.10666,0.079805,0.029755
0.032807,0.35142,-0.038911,0.076143,0.13077,0.18723,0.1442,0.24186
-0.11582,0.1323,-0.050507,-0.26383,-0.059968,0.048676,0.029755,0.12802
-0.13931,0.019989,-0.062409,-0.34134,-0.083162,-0.052033,-0.016327,-0.039521
-0.10391,-0.23972,-0.065156,-0.34073,-0.059052,-0.027008,-0.0080873,-0.057832
-0.0086976,-0.64836,-0.08072,-0.33524,-0.14542,-0.0056458,-0.021515,-0.052949
-0.042573,-0.44388,-0.12711,-0.3743,-0.13962,-0.032197,-0.035859,-0.025483
-0.045014,0.18387,-0.13382,-0.39872,-0.24063,-0.060273,-0.045319,0.0077821
-0.026398,0.23728,-0.074311,-0.51713,-0.27665,-0.053559,-0.031281,0.019684
0.023041,0.11215,-0.064851,-0.25406,-0.099947,-0.049287,-0.025788,0.010834
-0.057832,-0.057832,-0.098116,0.19211,0.036774,-0.035859,-0.022126,-0.016632
0.0050355,0.032197,-0.028534,0.22019,0.04593,0.00045777,-0.0065614,-0.020905
0.002594,-0.12009,-0.036164,-0.009308,0.094759,0.019989,0.0056458,-0.0050355
-0.066072,-0.058747,-0.051728,-0.24949,0.15274,0.035554,0.020905,0.019989
-0.017548,0.075837,0.019379,-0.26627,0.087739,0.051728,0.019074,-0.0035096
-0.042878,0.026703,0.013581,-0.19394,0.22599,0.069734,0.061189,0.053864
0.039521,0.10849,-0.025788,-0.10239,0.31754,0.090486,0.091402,0.074006
0.11063,0.18662,-0.015412,0.091402,0.16251,0.060883,0.04654,0.056611
-0.015412,-0.023651,-0.074311,0.0065614,0.025788,0.064851,0.065461,0.11368
-0.014496,-0.092317,-0.090181,-0.042267,-0.05539,0.014191,0.010529,0.055695
-0.027619,-0.042573,-0.085298,-0.27756,-0.064851,-0.024262,-0.025483,-0.052949
-0.086824,-0.049897,-0.06302,-0.2504,-0.073701,-0.013886,-0.0035096,-0.030976
-0.081025,-0.093843,-0.088655,-0.23209,-0.10575,-0.025788,-0.027008,-0.0013733
-0.10941,-0.19028,-0.10849,-0.25986,-0.13321,-0.031891,-0.026703,-0.020905
-0.12406,-0.052033,-0.098421,-0.24002,-0.24491,-0.05539,-0.040742,-0.028229
-0.065766,0.18723,-0.074311,-0.23484,-0.19669,-0.077058,-0.059052,-0.064851
-0.033112,0.1677,0.018769,-0.22171,-0.11612,-0.04715,-0.016938,-0.025177
0.1561,0.035554,-0.07248,-0.22629,0.086519,-0.0071717,0.023957,0.013275
0.074311,0.094759,-0.14725,-0.021515,0.11643,0.010529,0.032807,0.039521
-0.11704,0.10361,-0.14847,0.23789,0.0041199,0.010529,0.017548,0.061189
-0.13779,0.071565,0.005951,-0.076753,0.11002,0.045319,0.01297,0.039521
-0.066682,-0.19944,0.052644,-0.070344,0.13413,0.021515,0.019684,0.0053407
-0.030671,-0.41642,-0.019684,-0.098421,0.29984,0.029145,0.059663,-0.031891
0.081941,-0.40848,-0.0053407,-0.11673,0.23117,0.065156,0.095369,0.034333
-0.037079,-0.62119,-0.019989,-0.11551,0.13107,0.069429,0.076753,0.077974
0.11307,-0.12192,-0.060883,-0.14481,0.07248,0.059052,0.013886,0.03006
0.11002,0.0795,-0.036469,-0.18601,-0.076753,0.016632,-0.036774,-0.0019837
0.066072,0.093538,-0.074617,-0.30259,-0.075837,0.0077821,-0.020294,0.016632
-0.017548,0.10727,-0.075227,-0.19913,-0.09781,-0.012055,0.0032044,0.052338
-0.041962,0.49638,-0.12833,-0.29526,-0.11337,0.00015259,0.032807,0.081636
-0.0795,0.50584,-0.15152,-0.056306,-0.17472,-0.0016785,0.017853,0.030365
-0.11337,-0.016632,-0.05478,-0.05478,-0.25528,-0.064546,-0.028229,-0.031891
-0.077363,-0.23453,-0.055085,-0.309,-0.13321,-0.062104,-0.050507,-0.073396
-0.064546,-0.039826,-0.074617,-0.13352,-0.051423,-0.032807,-0.040742,-0.043183
-0.11704,-0.23484,-0.14267,0.26017,0.061189,-0.02884,-0.023041,-0.059358
-0.055085,-0.52354,-0.062104,-0.13321,0.061494,0.0083925,-0.0071717,0.0019837
0.048981,-0.068513,0.023957,-0.12039,-0.0041199,0.054475,0.025483,0.047761
-0.22293,0.022736,0.020905,-0.089876,0.11673,0.083772,0.031891,0.049897
-0.20188,0.22751,0.019379,-0.49302,0.20584,0.041047,-0.0022889,-0.060578
-0.2504,-0.32578,-0.041657,-0.15976,0.31357,0.081331,0.054475,-0.076143
-0.013275,-0.12467,-0.082551,0.41001,0.19486,0.044709,0.033417,-0.093233
0.11185,0.03769,-0.036164,-0.077363,0.065156,-0.029755,0.022736,0.0038148
0.16129,0.16342,-0.014801,-0.091402,-0.016938,0.0383,0.07248,0.13474
0.056001,-0.74571,-0.025483,0.022736,-0.019684,0.044404,0.029145,0.064546
-0.024872,-0.64378,-0.14664,-0.34409,-0.010529,-0.0053407,-0.019379,-0.0096132
0.0099184,0.18723,-0.088655,-0.31418,-0.15793,-0.014801,-0.025483,0.030365
0.086213,0.31144,-0.061799,-0.35142,-0.18631,-0.00076295,-0.023041,0.066072
0.0090028,0.25071,-0.094759,-0.11948,-0.20401,-0.046235,-0.016632,0.083772
-0.052949,0.26383,-0.10025,0.053254,-0.19852,-0.049287,-0.029145,0.023346
0.046235,0.19181,-0.060883,-0.18143,-0.069123,-0.017243,-0.0035096,-0.0062562
-0.038911,0.10819,-0.052644,-0.30961,0.0077821,0.020294,0.017243,0.039521
-0.096895,-0.0065614,-0.15,-0.33585,0.087739,-0.0053407,-0.0074769,-0.039826
-0.031586,-0.049897,-0.012055,-0.082246,0.0016785,-0.040131,-0.016327,-0.094148
-0.051728,-0.19272,-0.0053407,-0.23239,0.057527,-0.017853,-0.0050355,-0.053559
-0.18112,-0.067903,0.0041199,-0.18418,0.17105,0.022431,0.049592,0.019989
0.02884,0.23606,0.0044251,0.7097,0.2388,-0.0050355,0.037385,-0.0065614
0.0080873,0.29526,-0.029145,0.16495,0.3563,0.10849,0.12924,0.072786
0.048066,0.17868,-0.040131,-0.23148,0.13657,0.14939,0.121,0.15
-0.015106,-0.21592,-0.019684,-0.14694,-0.010224,0.038605,0.0010681,0.066072
-0.082856,-0.56779,-0.14389,-0.29313,-0.027619,0.00076295,-0.031891,0.01297
-0.18235,-0.27146,-0.084382,-0.45365,-0.059968,-0.010224,-0.024262,-0.039826
-0.18631,0.0016785,-0.055085,-0.010529,-0.13931,-0.013886,-0.0086976,-0.058137
-0.17258,-0.023346,-0.05478,-0.0044251,-0.10697,-0.032807,-0.014191,-0.078279
0.033417,0.037385,-0.091096,-0.33921,-0.06302,-0.011139,-0.025177,-0.058747
0.082246,-0.12192,-0.13291,-0.168,-0.31418,-0.03769,-0.026703,-0.013275
0.088655,0.036469,-0.12345,-0.38865,-0.19577,-0.056001,-0.025483,0.031281
0.027619,0.4976,-0.065156,-0.13779,-0.073091,-0.062104,-0.024567,0.042878
-0.064851,0.44968,-0.048981,-0.25101,0.053864,-0.0010681,-0.00076295,0.1149
-0.05478,-0.16373,-0.025483,-0.31907,0.11368,0.036164,0.019989,0.021515
-0.043793,-0.9749,-0.096895,0.11002,0.037385,0.0010681,0.023957,0.02121
-0.10605,-0.70024,-0.013886,0.26627,0.11887,0.02945,0.024262,-0.015717
0.17411,-0.05539,0.032197,-0.078584,0.1146,0.12314,0.055085,-0.0032044
0.26017,0.087739,0.013886,-0.16068,0.26719,0.0383,0.029755,-0.033112
0.054475,0.14359,-0.034943,0.041657,0.24002,0.036774,0.053559,0.047456
-0.10544,0.20218,-0.027924,-0.095674,0.14847,0.048371,0.059968,0.036774
-0.14481,0.086213,-0.036469,-0.24826,0.049592,0.065766,0.052949,0.039216
-0.08957,-0.02182,-0.074311,-0.37522,-0.053864,0.033417,-0.017243,0.0038148
-0.057832,-0.074617,-0.10666,-0.32151,-0.058747,-0.023041,-0.0041199,-0.0068666
0.0050355,-0.029755,-0.092927,0.17105,-0.084077,-0.043488,-0.010529,-0.027008
-0.081025,0.017243,-0.12619,-0.022126,-0.075837,-0.013581,-0.011444,0.028229
-0.046845,-0.014801,-0.12222,-0.089265,-0.20035,-0.022736,-0.011139,0.025788
0.034943,0.0065614,-0.074311,-0.13779,-0.31815,-0.075532,-0.061799,-0.053864
-0.055085,0.097505,-0.040436,-0.13779,-0.12222,-0.031281,-0.015106,-0.032807
-0.0071717,0.013886,-0.065766,-0.17411,0.034333,-0.0053407,0.0038148,-0.014496
0.054475,0.012055,-0.06424,-0.21195,0.018158,-0.014801,-0.0096132,-0.039216
0.0013733,-0.038911,-0.077974,-0.19608,0.03006,0.026093,0.015412,0.0090028
-0.059663,-0.13809,-0.01297,-0.14603,0.020905,0.041657,0.02182,0.073396
-0.13993,-0.28458,-0.056916,-0.087129,0.12253,0.040131,0.024872,0.077363
-0.077058,-0.21592,0.018463,-0.22812,0.18235,0.0028992,0.002594,-0.038911
-0.024567,-0.023346,-0.0206,-0.056306,0.30961,0.062715,0.058442,-0.017243
-0.0053407,0.098116,-0.053864,-0.0010681,0.2266,0.081636,0.087434,0.034943
-0.051728,0.074006,-0.042878,-0.10056,0.06424,0.046235,0.036164,0.047456
-0.096895,0.12711,-0.043183,-0.12863,-0.022736,0.030976,0.011444,0.025483
-0.089265,0.12589,-0.051728,-0.1738,-0.032807,-0.0013733,-0.011444,-0.029145
-0.023346,0.12009,-0.08011,-0.18326,-0.047761,-0.0041199,-0.0096132,-0.047761
0.023651,0.0013733,-0.086519,-0.15702,-0.14084,-0.011444,0.0041199,0.0028992
-0.013275,-0.13443,-0.12619,-0.22202,-0.14817,-0.041657,-0.0080873,0.010529
-0.050813,-0.41428,-0.1091,-0.24613,-0.24613,-0.031586,-0.0044251,0.050202
-0.052949,-0.28367,-0.077058,-0.18936,-0.22599,-0.041657,-0.027619,0.016938
0.0071717,0.15549,-0.045624,-0.19944,-0.11917,-0.027924,-0.022431,0.023651
0.075837,0.17563,-0.077363,-0.24887,0.059968,-0.00015259,0.005951,0.042878
0.089876,-0.01297,-0.072175,-0.37949,0.095979,0.013275,-0.0074769,0.016938
0.056001,-0.042573,-0.023957,-0.23148,0.0090028,-0.014191,-0.025177,-0.030976
-0.22263,-0.28153,-0.051118,0.12039,0.088655,-0.0041199,0.0080873,-0.0096132
-0.078889,0.098421,0.015412,0.28153,0.18235,-0.0056458,-0.0080873,-0.085298
-0.097505,0.031891,0.023651,-0.048371,0.21378,0.098421,0.061799,-0.01236
0.0071717,0.16831,0.0047303,0.27207,0.262,0.1735,0.11582,0.095674
0.23026,-0.019379,-0.12345,-0.00045777,0.15122,0.091402,0.073701,0.035248
0.10361,-0.63706,-0.12741,-0.33433,0.10147,0.0041199,0.04654,0.094453
-0.094148,-0.6569,-0.043793,-0.23362,-0.074922,-0.0035096,0.043793,0.1207
-0.10758,0.062409,-0.046235,-0.40574,-0.072786,-0.02182,0.027924,-0.0019837
-0.14664,0.25467,-0.066987,0.19974,-0.055695,-0.046235,-0.028534,-0.10941
-0.12161,0.060578,-0.07126,-0.018158,-0.13199,0.0019837,0.0053407,-0.042878
-0.031281,0.10849,-0.10819,-0.3331,-0.12589,-0.011139,-0.00045777,0.0065614
0.033417,0.14023,-0.077974,-0.36271,-0.31144,-0.059663,-0.05478,0.011139
-0.041047,-0.13565,-0.073091,-0.44419,-0.17441,-0.058442,-0.057527,0.023041
0.029755,-0.11154,-0.10056,-0.48569,-0.0065614,-0.065461,-0.051118,-0.061494
-0.12436,-0.0074769,-0.06424,0.34653,-0.012665,-0.039521,-0.022736,-0.064851
-0.041962,0.19333,-0.056001,0.22446,0.080415,0.017243,0.035248,0.013581
-0.0041199,0.10239,-0.043793,-0.16709,0.14267,0.065461,0.058137,0.089265
0.057221,0.052338,-0.032502,-0.19669,0.090791,0.041657,0.024872,0.059968
0.025177,-0.01297,0.026703,-0.23331,0.11429,0.016327,0.011139,0.031586
-0.0068666,-0.026398,-0.0099184,-0.29007,0.262,0.095979,0.071565,0.09781
-0.099031,-0.098726,-0.027008,-0.01297,0.24521,0.089265,0.055695,0.031281
-0.029755,0.089876,-0.035554,0.28489,0.11673,0.017243,0.016022,-0.047456
-0.025177,0.0035096,-0.074922,-0.13382,0.081636,0.035248,0.061189,0.017853
-0.014496,-0.18662,-0.061189,-0.22141,-0.082246,0.036774,0.074617,0.019684
-0.018463,-0.49821,-0.076448,-0.15183,-0.092317,-0.0035096,0.027008,-0.014496
-0.023041,-0.27207,-0.03769,-0.14511,-0.094759,-0.023346,0.0077821,0.029145
-0.087129,0.047456,-0.1326,-0.1677,-0.10513,-0.051423,-0.0383,0.030976
-0.096284,0.10727,-0.13901,-0.26963,-0.18967,-0.034028,-0.055695,0.0028992
-0.063325,-0.08011,-0.10422,-0.26047,-0.32425,-0.06302,-0.051118,-0.0041199
-0.014801,0.065461,-0.059052,-0.26291,-0.12253,-0.053864,-0.04654,0.011139
-0.022736,0.051118,-0.070954,-0.24338,-0.011444,-0.020905,-0.024262,-0.055695
0.06363,0.022126,-0.075227,-0.041657,0.061189,0.0090028,-0.0068666,-0.058747
-0.058747,-0.036774,-0.016327,-0.20188,0.078279,-0.00076295,-0.0032044,-0.0068666
-0.069429,-0.010224,-0.048066,-0.46647,0.079805,-0.0080873,-0.00045777,-0.009308
-0.089265,-0.091402,0.0056458,-0.36728,0.10086,0.0080873,0.023651,-0.022431
0.013886,0.031281,-0.00045777,0.41215,0.16037,0.031586,0.04654,-0.02945
0.030365,0.039216,-0.02884,0.64866,0.40665,0.081025,0.081331,0.031891
-0.012665,-0.18479,-0.02884,0.087739,0.26078,0.13565,0.12802,0.12619
-0.013275,-0.045319,-0.055085,-0.22324,0.02121,0.097505,0.074617,0.081636
-0.0053407,0.10575,-0.048066,-0.40055,-0.024262,0.034943,0.011749,0.029755
-0.087129,-0.21622,-0.042573,-0.33036,-0.083467,0.00045777,0.0053407,0.031586
-0.11612,-0.20066,-0.07126,-0.32303,-0.070649,-0.016938,0.014801,0.035859
-0.11551,-0.00015259,-0.096895,-0.17807,-0.11826,-0.017853,-0.014496,-0.024872
-0.018463,-0.047456,-0.17868,0.07126,-0.10422,-0.026398,-0.032502,-0.046845
0.10178,0.056611,-0.12985,0.11582,-0.22263,-0.059968,-0.049592,-0.051728
0.042267,-0.021515,-0.058747,-0.4094,-0.24949,-0.050202,-0.039521,0.032197
0.044099,0.050202,-0.049287,-0.26291,-0.085298,-0.024262,-0.030365,0.0053407
-0.0086976,0.18357,-0.067292,0.030671,0.0019837,0.0013733,-0.018158,-0.002594
-0.02884,0.16434,-0.08957,-0.1912,0.11063,0.034333,0.025177,0.049287
-0.065766,0.0038148,-0.034333,-0.087129,0.018158,0.032197,0.010529,-0.0044251
-0.065156,-0.06363,-0.027619,-0.011139,0.083772,0.024872,0.011139,-0.0080873
-0.02945,-0.17655,0.024872,-0.07248,0.19638,0.025483,0.027619,-0.012665
-0.052033,-0.26017,0.034638,-0.051118,0.17746,0.042878,0.05539,0.02121
-0.024872,-0.10819,-0.073396,-0.10117,0.26017,0.069123,0.05417,0.033112
-0.043793,-0.05539,-0.081331,-0.20066,0.17411,0.042573,0.041962,0.025483
-0.016632,0.013275,0.032197,-0.25925,0.043183,0.020294,0.015106,0.011444
0.0074769,0.034028,-0.034638,-0.24399,-0.056916,0.02884,0.029145,-0.0044251
-0.002594,0.031891,-0.11673,-0.11765,-0.051728,0.029145,0.032197,0.037995
-0.095369,-0.090486,-0.08896,0.039826,-0.048981,0.0013733,0.0056458,0.019074
-0.11643,-0.043488,-0.18112,-0.23117,-0.10208,-0.031586,-0.025177,-0.026398
-0.049897,-0.027619,-0.058442,-0.28702,-0.13993,-0.042267,-0.038911,-0.034638
0.032197,-0.03769,-0.074922,-0.19486,-0.30198,-0.053254,-0.037079,0.0053407
0.033112,0.0080873,-0.076448,-0.2092,-0.19364,-0.013886,-0.015717,0.053559
-0.016632,-0.009308,-0.08072,-0.086519,-0.041962,0.015106,-0.0028992,0.062104
0.0019837,0.010224,-0.04654,-0.20218,0.0053407,0.02121,0.0096132,0.0032044
0.002594,-0.018158,-0.068513,-0.18143,0.068208,0.0047303,0.017853,-0.010529
-0.083772,-0.16587,-0.051118,0.11429,0.081941,-0.0022889,0.012665,0.0010681
-0.072786,-0.18357,-0.066682,0.10575,0.14694,-0.0099184,0.029755,-0.046845
-0.067597,-0.036774,-0.026703,-0.27848,0.15946,-0.0035096,0.024262,-0.065766
-0.082856,-0.027924,0.057832,-0.41703,0.21378,0.066682,0.05417,-0.012055
-0.064851,-0.032807,0.0019837,0.016632,0.24338,0.069734,0.06424,0.011139
-0.04715,0.042267,-0.04593,-0.12558,0.15885,0.024262,0.025177,-0.023041
-0.048371,-0.091707,-0.025483,0.19364,-0.014191,0.03006,0.036774,0.0035096
0.020905,-0.075837,-0.024567,-0.45701,-0.041047,0.01236,0.055695,0.051423
-0.014496,-0.072786,-0.15488,-0.46616,0.015106,0.0065614,0.027619,0.061494
-0.0013733,-0.020905,-0.1146,0.24979,-0.10208,-0.0047303,-0.032807,0.049592
0.10025,0.10544,-0.13748,0.29465,-0.099336,-0.023957,-0.022431,0.033112
0.091402,0.29831,-0.099031,-0.20188,-0.15183,0.01297,0.010529,0.12863
-0.11582,-0.073396,-0.063325,-0.28611,-0.3032,-0.027314,-0.0090028,0.093843
-0.061189,-0.26139,-0.027008,-0.2977,-0.16617,-0.06302,-0.017243,-0.014191
0.041352,-0.1442,-0.038605,-0.18692,-0.016632,-0.013581,0.0047303,-0.035248
-0.010224,-0.050507,-0.13626,-0.084688,0.049287,0.059358,0.023957,0.053864
0.0050355,-0.0065614,-0.034028,-0.17655,0.039826,0.00015259,-0.033417,0.014801
-0.033112,0.0053407,-0.028229,0.039216,0.069734,0.013275,-0.052949,-0.035248
-0.086824,-0.095369,0.0056458,-0.043183,0.2034,0.049592,-0.0019837,-0.033417
-0.15061,-0.082246,-0.050202,-0.11551,0.1735,0.048981,0.034333,-0.025177
0.0038148,0.098726,0.056001,-0.054475,0.29374,0.077668,0.043488,-0.049287
0.067903,0.15763,-0.044404,-0.13077,0.19211,0.075532,0.096284,0.031281
0.041352,0.19974,-0.065766,-0.13657,0.05539,0.065461,0.082551,0.085908
-0.077058,0.061799,-0.12039,-0.20584,-0.044404,0.040131,-0.0022889,0.051423
-0.083467,0.03769,-0.014801,-0.28428,-0.034943,0.0044251,-0.015412,-0.023651
-0.010224,-0.020294,-0.087434,-0.2504,-0.026703,-0.044404,-0.018463,-0.070039
0.0099184,-0.11002,-0.099336,-0.21164,-0.10208,-0.031586,0.0019837,-0.0013733
-0.05478,-0.27787,-0.13169,-0.33555,-0.13169,-0.056306,-0.010834,0.0050355
-0.10025,-0.56016,-0.068513,-0.4741,-0.35416,-0.070344,-0.010224,-0.0065614
-0.11124,-0.4625,-0.076753,-0.57664,-0.2565,-0.075227,-0.0032044,0.026093
-0.041657,0.05539,-0.11948,0.48112,-0.043488,-0.060273,-0.019379,0.0074769
0.045319,-0.046235,-0.068208,0.81559,0.023957,-0.0010681,-0.013581,-0.023041
-0.0062562,-0.070649,-0.070039,-0.16007,0.084077,0.1268,0.069123,0.12039
-0.036774,0.091402,0.011749,-0.14755,0.0019837,0.030976,-0.011139,0.01297
-0.028229,-0.019684,-0.031891,-0.22812,0.11154,-0.023651,-0.037385,-0.026398
-0.079194,-0.058747,0.0074769,-0.15763,0.18326,0.051728,0.077363,0.053559
-0.085908,0.062104,0.0044251,-0.12772,0.2211,0.038911,0.043488,0.0010681
-0.081636,-0.0062562,-0.041047,-0.082246,0.29221,0.05539,0.0099184,-0.034333
-0.044709,0.03006,-0.039216,-0.3978,0.17044,0.02884,0.031586,-0.033417
-0.00045777,0.083772,-0.016327,-0.30655,0.070649,0.012055,0.031891,-0.02884
-0.012665,-0.022736,-0.051118,-0.21836,-0.063935,0.022126,0.020905,0.027619
-0.0080873,0.033417,-0.083162,0.1735,-0.050813,-0.02884,-0.0013733,0.031891
0.0028992,0.13443,-0.096284,0.27695,-0.020905,-0.029755,-0.015412,-0.0086976
-0.12406,0.17563,-0.083467,-0.36851,-0.1564,0.040742,0.022126,0.074311
-0.023651,0.24735,-0.121,-0.11337,-0.13626,0.009308,-0.017243,0.031586
-0.0032044,0.15366,-0.081331,-0.18997,-0.2623,-0.048981,-0.05539,-0.0083925
-0.030976,-0.059358,-0.078279,-0.39414,-0.17014,-0.02182,-0.03769,0.014801
0.022736,-0.36545,-0.088045,-0.11704,-0.079805,-0.047456,-0.03769,-0.016938
0.20249,-0.28824,-0.067292,-0.08072,0.030365,-0.030365,-0.013275,0.017853
0.023651,0.015106,-0.063935,-0.37217,0.071565,0.0383,0.024262,0.090486
-0.090791,-0.12467,-0.048066,-0.23789,0.019684,0.022431,0.034028,0.061799
0.019379,-0.28214,-0.041962,0.20066,0.081941,0.01236,0.010834,-0.046845
-0.046845,-0.51774,0.042878,0.13687,0.14115,0.035248,0.019989,-0.010529
-0.065156,-0.04593,-0.028534,-0.022431,0.36454,0.077668,0.081331,0.046235
-0.0795,0.058747,-0.020905,-0.13993,0.26383,0.0795,0.090791,0.029145
-0.031586,0.027314,-0.026703,-0.29252,0.084077,0.042573,0.048981,0.033112
-0.063325,0.12741,-0.051118,-0.36149,0.025177,0.049592,0.047761,0.0077821
-0.057221,0.23545,-0.024262,0.055085,-0.045319,0.024262,-0.0028992,0.002594
0.10025,0.20432,-0.078279,0.08957,-0.016632,-0.0019837,0.0086976,-0.019379
0.0038148,0.07248,-0.08835,-0.18784,-0.10819,0.005951,0.035859,0.041657
-0.14023,-0.061799,-0.15763,-0.29007,-0.15885,-0.014191,-0.015106,0.050202
0.0047303,0.050202,-0.11307,-0.2855,-0.18875,-0.061494,-0.078279,-0.061189
-0.0972,-0.036164,-0.035859,-0.22629,-0.31693,-0.085298,-0.087739,-0.086213
-0.068818,-0.24491,-0.09659,-0.29313,-0.12131,-0.034333,-0.047456,-0.029145
-0.061494,-0.79118,-0.10086,-0.098421,-0.04593,-0.0074769,-0.0056458,0.027008
0.029145,-0.059968,-0.074922,-0.08835,0.033417,-0.009308,0.022736,0.053559
-0.0074769,0.15061,-0.046845,-0.28244,0.074006,0.00015259,0.025788,0.040436
0.040436,0.19852,-0.019684,-0.22232,0.091402,0.072786,0.035859,0.039826
0.047761,0.18326,0.014191,-0.15152,0.18051,0.05478,0.039826,0.021515
-0.0028992,-0.02182,-0.020294,0.41062,0.19303,-0.024872,0.01297,-0.00045777
-0.009308,-0.053864,0.0022889,0.12192,0.34257,0.06302,0.037385,-0.0022889
-0.077668,-0.018158,-0.030671,-0.23819,0.19455,0.14389,0.10788,0.081941
-0.069429,0.10513,-0.04593,-0.13962,0.051423,0.042573,0.02182,-0.0035096
-0.055695,0.036469,-0.040742,-0.121,-0.011139,0.005951,-0.025483,-0.045624
-0.060883,0.071565,-0.067292,-0.18997,-0.0383,-0.0038148,-0.0080873,-0.0013733
-0.010224,0.18631,-0.078889,-0.19883,-0.089265,0.01236,0.030365,0.026093
-0.019379,0.047761,-0.10849,-0.21744,-0.12131,-0.014191,0.02182,0.030365
0.02182,0.015106,-0.12436,-0.32364,-0.11765,-0.037079,-0.039521,0.016022
-0.14542,-0.44266,-0.095064,-0.16739,-0.24643,-0.079805,-0.058137,-0.027008
-0.14389,-0.51591,-0.075837,-0.19516,-0.26291,-0.059052,-0.035248,-0.040436
-0.090181,-0.27481,-0.053864,-0.12711,-0.10636,0.0041199,-0.0062562,-0.018769
-0.13382,-0.29465,-0.10697,-0.14908,-0.0056458,-0.0010681,-0.0032044,0.0077821
0.02121,-0.040742,-0.033112,0.11978,0.07248,-0.02884,-0.019074,-0.045624
0.06302,0.16007,-0.072786,0.10422,0.11063,0.031586,0.026093,-0.0050355
0.084688,0.20798,-0.0083925,-0.14664,0.11398,0.073701,0.059052,0.078584
0.043793,0.10788,0.02945,-0.10758,0.098421,0.018158,0.033112,0.030365
-0.00076295,0.043793,0.0038148,-0.046235,0.24063,0.034638,0.049592,0.027008
-0.022736,0.06424,-0.048371,-0.1619,0.33036,0.075532,0.068208,0.041047
-0.086213,0.085603,-0.049897,-0.1912,0.11551,0.05417,0.050202,0.0383
-0.091096,-0.0047303,-0.059052,-0.16739,0.069734,0.01236,0.011749,-0.0032044
-0.066072,-0.10971,-0.015717,-0.22995,-0.039521,0.0028992,-0.020294,-0.039826
0.08957,-0.041657,-0.077974,-0.42679,-0.095979,0.016022,-0.0074769,-0.029755
0.0077821,-0.10452,-0.076143,-0.4622,-0.071565,0.016327,0.0047303,0.037385
-0.062715,-0.16556,-0.077058,0.15427,-0.11429,-0.027008,-0.0047303,0.016632
0.017548,-0.040436,-0.13382,0.24369,-0.12955,-0.069429,-0.026703,-0.065156
-0.033112,0.025788,-0.13962,-0.18021,-0.28611,-0.026398,-0.0053407,0.026093
-0.13077,-0.079805,-0.049897,-0.19669,-0.22843,-0.0028992,-0.0065614,0.05539
-0.061799,-0.041352,-0.15885,0.16312,-0.0086976,-0.041657,-0.047761,-0.044709
-0.020905,0.047456,-0.0206,-0.042573,0.082246,-0.035248,-0.034943,-0.056916
-0.059358,0.016327,0.014191,-0.39933,0.0056458,0.012055,0.0056458,0.0090028
-0.090791,0.049897,-0.085298,-0.47227,0.035248,0.0080873,-0.0074769,-0.01297
-0.030671,0.10544,-0.013886,-0.32151,0.08835,0.005951,0.0074769,-0.045014
-0.035859,0.15854,0.024262,-0.1854,0.084382,0.039521,0.050202,0.0056458
0.073701,0.2678,-0.022736,0.23728,0.38651,0.074617,0.089265,0.030365
0.13931,-0.11215,-0.075837,0.24063,0.36606,0.090486,0.087739,0.073396
-0.059358,-0.91051,-0.026703,-0.14481,0.037995,0.10452,0.094759,0.15061
-0.1387,-0.38682,-0.058137,-0.36576,-0.074617,0.072175,0.056001,0.13413
0.0010681,0.21073,-0.02884,-0.45579,-0.041352,-0.0074769,-0.033112,0.0038148
-0.022736,0.22263,-0.092622,0.12558,0.013886,-0.050507,-0.029145,-0.056916
0.016632,0.06363,-0.033722,0.52842,-0.017243,0.00045777,0.0068666,-0.0056458
0.0056458,0.068208,-0.14755,-0.21012,-0.11002,0.057221,0.019684,0.064546
-0.019074,-0.28458,-0.10605,-0.33463,-0.26688,0.015106,-0.016632,0.029145
-0.041962,-0.32425,-0.11429,0.10636,-0.32761,-0.069429,-0.074006,0.00076295
0.07187,0.069123,-0.063935,-0.21561,-0.10208,-0.099947,-0.079805,-0.032807
-0.035859,0.015412,-0.028534,-0.44694,0.0047303,-0.02945,-0.016632,-0.0062562
-0.22507,-0.059358,-0.056001,-0.68193,0.07248,0.019074,0.019684,-0.0056458
-0.29129,-0.14023,-0.091402,-0.43412,-0.0013733,-0.0099184,-0.017243,-0.06363
-0.11337,0.15396,-0.15885,0.48417,0.0065614,-0.065156,-0.032807,-0.099031
-0.10849,0.22751,0.068818,0.5153,0.18845,0.009308,0.012055,-0.082246
0.089265,0.15793,0.06424,-0.28183,0.24918,0.12955,0.083772,0.039521
0.32853,0.074617,0.0013733,-0.19883,0.35019,0.059663,0.050202,-0.02945
0.21256,-0.13046,-0.046235,-0.060578,0.20951,0.047456,0.07187,0.067903
0.15518,-0.27481,-0.067903,-0.18906,0.023651,0.066377,0.042267,0.086213
0.013275,-0.15396,-0.043183,0.02121,-0.077363,0.030365,0.028229,0.1207
-0.062104,-0.034028,-0.082246,-0.41245,-0.051423,-0.0050355,0.027008,0.1088
-0.019684,0.028534,-0.061189,-0.18875,-0.039521,-0.0086976,-0.0056458,0.010529
-0.16648,-0.094759,-0.067903,-0.23941,-0.10819,0.018769,-0.0047303,0.032807
-0.12161,0.05539,-0.061189,-0.21561,-0.16495,-0.025177,-0.045014,-0.02945
-0.031891,0.13443,-0.13993,0.057527,-0.17441,-0.051728,-0.048676,-0.050813
-0.030671,0.22232,-0.15671,-0.095064,-0.23545,-0.045624,-0.010529,-0.0019837
-0.038911,0.12741,-0.037079,-0.20798,-0.10941,-0.012665,0.014801,0.013275
-0.22843,-0.37034,-0.15274,0.027008,0.0206,0.014801,0.0090028,0.027619
-0.13779,-0.24186,-0.014801,-0.35325,0.078584,-0.058137,-0.029145,-0.048371
0.0074769,0.0065614,-0.00045777,-0.19913,0.009308,-0.03769,-0.016632,-0.064546
-0.11398,-0.11551,-0.061799,-0.21134,0.057527,0.07248,0.048981,0.091707
-0.014801,-0.26169,-0.030976,-0.27543,0.20737,0.051423,-0.0056458,0.02884
0.15488,-0.19028,0.034943,-0.23087,0.24369,0.025483,0.018769,-0.06363
0.06424,-0.00076295,-0.0062562,0.15396,0.27756,0.058137,0.095369,0.061799
-0.061799,0.082551,-0.016632,0.12375,0.14694,0.040436,0.056001,0.048981
0.057527,-0.080415,-0.060578,-0.077363,0.035248,0.022126,0.0099184,-0.028534
-0.12772,-0.51469,-0.075227,-0.092622,-0.086213,0.026703,0.027008,-0.020905
-0.040742,-0.094759,-0.091096,-0.033417,0.0019837,0.016938,0.034333,0.0056458
-0.015106,0.033417,-0.10727,-0.073701,-0.093843,-0.0022889,0.017853,0.065156
-0.089876,0.13077,-0.058137,-0.22599,-0.096895,-0.0038148,-0.01236,0.044099
-0.077363,0.38254,-0.10849,-0.28763,-0.12406,-0.014191,-0.0044251,-0.017548
-0.16373,0.54398,-0.082551,-0.20706,-0.31022,-0.055695,-0.04715,-0.010834
0.098421,0.74296,-0.084382,-0.2916,-0.16159,-0.060578,-0.06363,-0.028229
0.12436,0.53422,-0.062715,-0.23301,-0.053864,-0.027924,-0.002594,0.020905
0.053864,-0.00045777,-0.074311,-0.14725,0.023651,-0.028229,0.0050355,0.034028
-0.020905,-0.82261,-0.073091,-0.14786,0.062409,-0.014191,-0.0090028,-0.04654
0.078584,-0.79667,-0.018158,-0.024262,0.019989,0.0099184,0.019379,-0.034333
0.015717,-0.46891,-0.027008,-0.11093,0.090181,0.059663,0.041047,0.072175
-0.074617,-0.32944,0.018769,-0.05417,0.15854,0.053254,0.01297,-0.0022889
-0.24125,-0.69047,-0.10239,-0.20829,0.30442,0.07248,0.032807,-0.015106
-0.029755,-0.11032,-0.027924,-0.17655,0.25559,0.065461,0.052949,-0.015106
0.11521,0.23941,0.010834,0.016632,0.093233,0.03006,0.017243,-0.01297
0.016022,0.12863,-0.050813,0.17136,0.031586,0.0041199,0.04654,0.09781
-0.085908,-0.30625,-0.053864,-0.043183,-0.047761,0.035554,0.040436,0.093538
-0.077668,0.00045777,-0.058137,-0.25711,-0.028229,0.044404,0.043183,0.043183
-0.12406,0.15763,-0.058442,-0.2916,-0.12375,0.014801,0.011139,0.0074769
-0.092317,0.060273,-0.14542,-0.32334,-0.091096,-0.026093,-0.026398,-0.0028992
-0.021515,-0.0795,-0.13718,-0.36332,-0.18967,-0.046235,-0.022431,-0.027008
0.015106,0.17258,-0.10636,0.15152,-0.28275,-0.085603,-0.076753,-0.018769
0.017243,0.36667,-0.076753,-0.082246,-0.10819,-0.019074,-0.012665,0.0074769
0.13321,0.42679,-0.045014,-0.21561,-0.056916,0.015412,-0.0096132,-0.027314
-0.042878,0.36179,-0.083467,-0.15396,0.037995,-0.0068666,-0.0028992,-0.029145
-0.052033,0.24857,-0.027619,-0.121,0.080415,0.033417,-0.015412,-0.067292
-0.10544,-0.11551,-0.022736,-0.10361,0.092622,0.010834,-0.024262,-0.040436
-0.02945,-0.66087,-0.0047303,-0.13993,0.18235,0.002594,0.037079,0.0028992
-0.11124,-0.38437,0.0099184,-0.34134,0.11276,0.0086976,0.056611,0.050507
-0.11704,-0.24369,-0.021515,-0.43595,0.25498,0.10391,0.10147,0.069123
-0.058137,-0.048981,-0.065766,-0.18387,0.21164,0.081331,0.12039,0.076143
0.026703,-0.038911,-0.08011,0.027924,0.091707,-0.0041199,0.030365,0.016632
0.15152,0.1622,-0.059968,-0.11551,-0.0041199,0.032502,0.017243,0.0010681
0.098116,0.21164,-0.056611,0.42191,-0.081025,0.0044251,0.031586,0.08011
-0.0044251,0.11337,-0.052033,0.59586,-0.0010681,-0.014801,-0.016327,0.052949
-0.20035,-0.16342,-0.082856,0.0086976,-0.057832,0.036164,0.010834,0.049287
-0.19089,-0.30442,-0.17014,-0.74266,-0.18387,-0.0013733,-0.02884,-0.010834
-0.18601,-0.28794,-0.086213,-0.35447,-0.2916,-0.059358,-0.072786,-0.074006
-0.082856,-0.037995,-0.081331,0.014496,-0.24674,-0.084077,-0.081636,-0.091096
0.21592,0.31998,-0.084688,0.083772,-0.049287,-0.060273,-0.039521,-0.095369
0.1387,0.1033,-0.070954,-0.30747,0.013886,0.0080873,-0.0022889,0.0096132
-0.1146,-0.53208,-0.062104,-0.27573,0.015717,0.022431,0.01297,0.10025
-0.066072,-0.18753,-0.036774,-0.2504,0.044404,0.013886,0.024262,0.062104
-0.22141,0.17044,-0.035554,-0.19394,0.10666,0.035554,0.019989,0.058442
-0.1677,0.23331,0.052338,-0.010224,0.16922,0.023346,0.010834,-0.0013733
0.091707,0.40208,0.00076295,-0.15274,0.28946,0.009308,-0.010224,-0.058137
0.030365,0.26474,-0.015412,-0.10788,0.31144,0.052949,0.053254,0.0099184
-0.12253,0.026093,-0.031586,-0.17502,0.13779,0.068208,0.08072,0.0206
0.14206,0.0096132,-0.15183,-0.30106,0.016632,0.026703,0.035248,-0.031891
0.18967,0.016022,-0.020294,-0.28183,-0.051728,0.027924,0.027008,0.046845
-0.14359,-0.14603,-0.032807,-0.05539,-0.086213,0.02945,0.016632,0.081941
-0.0013733,-0.42222,-0.051118,0.11368,-0.02884,-0.0053407,-0.019379,0.021515
0.10758,-0.24765,-0.15854,-0.023346,-0.089265,-0.0074769,0.01297,0.032197
0.11154,0.16983,-0.17136,-0.2678,-0.17807,-0.009308,0.032197,0.094453
-0.00015259,-0.1503,-0.099336,-0.10727,-0.35325,-0.07187,-0.04593,0.014801
-0.12772,-0.26017,-0.044404,-0.2443,-0.13748,-0.065461,-0.056916,-0.025177
-0.052644,-0.52506,-0.036774,-0.16068,0.0053407,-0.015412,-0.013581,-0.076753
-0.20218,-0.48753,-0.062715,-0.10666,-0.0206,0.019379,0.0028992,-0.032807
-0.21073,0.029145,-0.053254,-0.18265,0.020905,0.002594,-0.011444,-0.0383
0.1854,0.31937,-0.073396,-0.19699,0.020905,0.034028,0.020905,-0.018463
0.21134,0.42985,0.030671,-0.11368,0.13993,0.040131,0.055085,0.10758
0.0038148,-0.016327,0.0099184,0.078889,0.13596,0.051728,0.069429,0.12192
-0.11124,-0.60197,-0.042573,-0.065156,0.34104,0.036469,0.026703,-0.041657
-0.06363,-0.30564,-0.074006,-0.29648,0.26841,0.054475,0.058442,-0.011139
0.0013733,0.091402,-0.015412,-0.28916,0.079805,0.037079,0.043488,-0.0074769
-0.057832,0.15763,-0.068513,0.04715,0.030976,0.017243,0.0099184,-0.0032044
-0.056916,0.15793,-0.036164,-0.032807,-0.018158,0.032197,0.016632,0.012665
-0.11368,0.070039,-0.014191,-0.38956,-0.065766,0.042878,0.036774,0.076448
-0.1564,-0.090181,-0.049287,-0.3566,-0.11093,0.0019837,0.002594,-0.00015259
-0.068818,-0.063325,-0.20737,-0.33555,-0.11032,-0.053559,-0.032502,-0.075532
0.016022,0.066072,-0.14511,0.37858,-0.22538,-0.091402,-0.034638,-0.074617
-0.058137,0.034333,-0.035554,-0.010529,-0.31785,-0.032197,-0.014496,0.035248
-0.081941,0.02945,-0.063935,-0.16556,-0.071565,0.0062562,-0.019684,0.0028992
-0.026703,0.040742,-0.076753,-0.069734,0.033417,-0.023041,-0.025177,-0.058137
-0.0080873,0.039216,-0.08011,-0.1561,0.026703,-0.0080873,0.00076295,-0.012055
-0.022736,0.057221,-0.062104,-0.17166,0.03769,-0.0035096,0.0096132,0.01297
-0.028229,0.030671,-0.019074,-0.1619,0.0383,-0.0022889,0.016938,0.014191
0.033417,-0.0068666,0.024262,-0.12772,0.13626,0.0041199,0.022736,-0.0035096
-0.016938,-0.034028,-0.0206,-0.1091,0.19638,0.024262,0.011749,0.018158
-0.07187,-0.041352,-0.050507,-0.10361,0.32975,0.069734,0.027008,0.036774
-0.14969,-0.0068666,-0.093538,-0.085298,0.19577,0.094759,0.086213,0.053559
-0.15793,0.041657,-0.027924,-0.23239,0.076143,0.053254,0.011749,0.034943
-0.04654,-0.040742,-0.025788,-0.17868,-0.016327,0.019989,-0.043183,0.012055
0.20859,-0.066987,-0.054475,-0.077058,-0.042878,-0.031586,-0.079805,0.015412
0.030976,-0.2446,-0.061189,-0.055695,-0.024567,-0.074617,-0.02884,0.028229
0.085908,-0.35752,-0.087129,-0.13962,-0.11765,-0.051423,0.057221,0.015106
-0.15824,-0.18875,-0.13138,-0.25834,-0.14969,-0.014801,0.058442,-0.029755
-0.14817,0.04593,-0.13046,-0.16983,-0.22751,0.002594,0.042267,-0.014191
-0.13199,0.058137,-0.049897,-0.14847,-0.25132,-0.009308,0.020294,-0.015412
-0.23636,-0.073396,-0.086519,-0.20951,-0.069429,0.0010681,0.059358,-0.058747
-0.061799,-0.11887,-0.074006,-0.077058,-0.028534,0.072175,0.068208,-0.036774
0.061494,-0.050813,-0.08011,-0.038911,0.051728,0.12467,0.07126,0.034943
0.23514,-0.092927,-0.019684,-0.26902,0.049897,0.11124,0.018158,0.023041
0.32059,-0.0206,-0.050507,-0.075837,0.091707,0.095064,-0.044709,0.025788
0.2858,0.16037,0.0383,-0.025483,0.15213,0.063325,-0.010529,0.13596
0.059968,0.0795,0.0083925,-0.065766,0.22843,0.0013733,0.02182,0.16464
-0.1268,-0.010834,-0.040742,-0.12802,0.32334,-0.037995,0.11154,0.06424
-0.11948,-0.0068666,-0.016632,-0.22995,0.14054,-0.10544,0.055085,0.009308
-0.055695,0.013886,-0.038605,-0.19181,0.048066,-0.046235,0.042878,0.0047303
-0.074922,-0.018463,-0.05478,-0.10483,-0.024567,0.040742,0.083467,0.046845
-0.1564,-0.16464,-0.041962,0.010834,-0.049897,0.005951,-0.031891,0.0032044
-0.19699,-0.14267,-0.17502,-0.18936,-0.041047,0.019379,-0.072175,-0.078889
-0.050507,0.041352,-0.1149,-0.27787,-0.15549,-0.07187,-0.10788,-0.15396
0.011139,0.1915,-0.095979,-0.11032,-0.19272,-0.011749,-0.064851,-0.057832
-0.14694,0.058137,-0.098116,-0.29099,-0.25315,-0.032197,-0.085603,-0.0096132
-0.13748,-0.067903,-0.058137,-0.32517,-0.19577,-0.037079,-0.044404,0.017548
-0.014191,0.14145,-0.022126,-0.027314,-0.032197,0.0022889,0.0096132,0.009308
-0.02884,0.19516,-0.066682,0.015412,0.039521,-0.013581,0.00076295,0.0090028
-0.075227,0.092317,-0.10941,0.23789,0.050507,0.039521,0.0090028,-0.0074769
-0.27207,0.06363,-0.074922,0.0065614,0.070039,0.026703,0.012055,-0.06363
-0.013275,0.086519,-0.022431,-0.18479,0.15702,-0.023041,-0.023041,-0.11917
0.041962,-0.23026,0.036469,-0.15061,0.10086,0.051728,0.065766,-0.036469
0.034943,-0.47196,0.0044251,-0.17411,0.24582,0.089876,0.085603,0.12467
0.10697,-0.72374,-0.028534,-0.13474,0.29221,0.071565,0.056001,0.022736
0.24796,-0.69596,-0.042878,-0.084688,0.10025,0.059052,0.075837,0.10575
0.15152,0.14054,0.005951,-0.25803,-0.010224,0.054475,0.081331,0.22416
-0.1207,0.2858,-0.063325,-0.16739,0.012055,0.030671,0.062409,0.24979
-0.013275,0.21042,-0.11429,-0.22385,0.013275,0.0044251,-0.0074769,0.027008
0.051118,0.093843,-0.08011,-0.1854,-0.168,-0.03769,-0.014801,-0.041962
0.17441,-0.10239,-0.10483,-0.081025,-0.14603,-0.023041,0.013275,0.0206
-0.13809,-0.25803,-0.092927,-0.19883,-0.17899,-0.040436,-0.015106,0.025177
-0.25498,-0.11429,-0.10269,-0.11398,-0.26932,-0.047456,-0.041657,0.0074769
-0.21683,-0.040742,-0.020294,-0.29801,-0.11948,-0.044099,-0.058137,-0.098116
-0.1323,0.035554,-0.08011,-0.76707,-0.075532,-0.057221,-0.043488,-0.12558
0.02884,0.087129,-0.11307,-0.59129,0.041657,-0.045319,-0.031586,-0.11521
0.14817,0.3035,-0.10269,1.2581,0.09659,-0.042267,-0.028229,-0.098421
0.4329,0.57084,-0.024872,-0.050507,0.1973,0.070344,0.057527,0.042878
-0.17227,0.23941,-0.032197,-0.58488,0.092317,0.11398,0.1091,0.18143
-0.22721,0.5565,-0.029755,0.40085,0.10452,0.016938,0.047761,0.086824
-0.082856,0.55985,0.023651,0.51255,0.36515,0.057527,0.043488,-0.023651
-0.09781,-0.66087,-0.013886,-0.26535,0.20249,0.16831,0.12192,0.095979
-0.17807,-1.7055,0.023346,-0.17777,0.086213,0.050202,0.016632,-0.044709
-0.24735,-1.3552,-0.10666,-0.32242,-0.045319,-0.020294,-0.02121,-0.081941
-0.19821,-0.65232,-0.060883,-0.49729,-0.053559,0.0090028,0.0074769,-0.027314
-0.018158,0.2388,-0.17258,-0.16068,-0.076753,-0.015412,-0.013275,-0.036469
0.030976,0.83177,0.032807,0.0013733,-0.13474,-0.054475,-0.029145,-0.056001
-0.36362,0.79088,-0.039216,0.040131,-0.14786,0.0050355,0.011139,0.02182
-0.2034,0.50736,-0.13901,-0.34134,-0.21927,0.014191,0.013275,0.059968
0.017548,0.28428,-0.14481,-0.2562,-0.22293,-0.027008,-0.028534,0.0050355
0.10147,-0.018158,-0.1796,0.030976,-0.065766,-0.093843,-0.061189,-0.065461
0.26108,-0.78599,-0.012665,0.19059,0.0041199,-0.075837,-0.041047,-0.090181
0.95781,-0.65873,-0.090486,-0.30167,0.082246,0.024262,0.024872,-0.011139
0.35264,-0.17166,-0.0077821,-0.20523,-0.0010681,0.016022,0.040436,0.2266
0.0383,0.21836,-0.026093,-0.25589,0.10758,0.035554,0.044404,0.26413
-0.20554,-0.080415,0.038911,-0.10239,0.23331,0.064851,0.045319,0.13535
-0.28916,0.075227,-0.01236,0.027314,0.22873,0.064546,0.039216,0.065461
-0.22629,0.18875,-0.022431,-0.22934,0.32334,0.094759,0.07126,-0.035248
-0.097505,0.15549,-0.028534,-0.31846,0.11643,0.051118,0.056001,-0.060883
-0.043183,0.14237,-0.052338,-0.26932,0.027924,0.034638,0.026703,-0.01297
0.02182,0.026093,-0.04654,-0.040436,-0.049287,-0.0071717,-0.0068666,-0.028534
-0.10208,-0.17899,-0.050202,0.017548,-0.014801,-0.024872,-0.0083925,-0.023346
-0.21836,-0.34958,-0.084382,-0.023041,-0.082856,-0.00076295,-0.0044251,0.0086976
-0.19883,0.10178,-0.11612,-0.095674,-0.13413,-0.017243,-0.019684,-0.02121
-0.10361,0.4799,-0.15366,-0.33219,-0.16251,-0.015717,-0.034638,-0.081331
-0.086824,0.4799,-0.092622,-0.47898,-0.33768,-0.046235,-0.065766,-0.070649
-0.14572,0.067292,-0.067903,-0.39597,-0.15427,-0.049592,-0.04715,-0.103
0.21592,-0.12161,-0.027924,-0.05539,-0.0050355,-0.020294,-0.034943,-0.12589
-0.031586,-0.20249,-0.037995,0.019074,0.086824,0.012665,0.012665,0.023957
0.18479,-0.2855,-0.066682,0.075837,0.059663,0.011139,0.031586,0.092927
0.051728,-0.18204,-0.066682,-0.19211,0.0016785,-0.0090028,0.024872,0.051118
-0.1738,0.013886,-0.074311,-0.21164,0.01297,0.073091,0.088655,0.23148
-0.060883,-0.014191,-0.060273,-0.081025,0.18479,0.04654,0.02884,0.034333
0.002594,-0.4921,0.026398,0.040131,0.33677,0.028534,0.019989,-0.067597
0.10544,-0.26993,0.028229,0.056916,0.21469,0.072175,0.082551,0.056306
-0.012055,0.13779,-0.060883,-0.3154,0.16892,0.073091,0.050507,0.077668
-0.15061,-0.24155,-0.028229,-0.37278,0.030976,0.017853,0.022736,0.02884
-0.034333,-0.1915,-0.0022889,-0.30381,-0.12131,0.011444,0.019989,0.032197
-0.019379,0.22354,-0.094759,0.47868,-0.011444,0.0013733,0.0028992,0.0038148
-0.042573,0.23148,-0.086519,0.32456,-0.035859,0.023957,0.00076295,-0.0013733
0.030976,0.32853,-0.18814,-0.38071,-0.077668,0.041047,-0.018158,0.0032044
0.17746,0.29587,-0.13321,-0.33555,-0.22049,-0.042878,-0.059358,-0.059358
-0.23453,-0.30747,-0.070344,-0.3563,-0.33951,-0.090181,-0.060578,-0.002594
-0.28275,-0.64195,-0.051728,-0.33646,-0.12589,-0.077058,-0.06363,-0.068818
-0.13596,-0.065766,-0.022736,-0.44877,0.012665,-0.076448,-0.028534,-0.13657
-0.095369,-0.026703,-0.067903,-0.33371,0.01297,-0.015717,0.017243,-0.065766
0.18235,0.16617,-0.070039,0.42191,0.042267,-0.012055,0.01297,-0.053559
0.20493,-0.034028,-0.052644,0.095979,0.088655,0.05478,0.060578,0.085603
0.044404,-0.27298,0.0022889,-0.087739,0.13626,0.1033,0.10056,0.22171
-0.041657,-0.13016,0.0206,-0.021515,0.20188,0.07126,0.065461,0.18357
-0.075227,0.20951,-0.01236,-0.014496,0.31601,0.068513,0.044404,0.061189
-0.15152,0.11368,-0.027619,-0.097505,0.2092,0.082246,0.031891,-0.040742
-0.10727,0.039521,-0.049897,-0.41764,0.060273,0.078584,0.02884,-0.057832
-0.018158,-0.041352,-0.039826,-0.6569,-0.058442,-0.01297,-0.012665,-0.048371
0.076143,-0.2089,-0.070039,-0.096895,-0.089876,-0.092012,-0.022736,-0.039216
-0.051728,-0.29862,-0.085908,0.07187,-0.045319,-0.057527,-0.0019837,-0.034333
-0.079805,-0.074922,-0.06302,-0.27115,-0.11765,0.042878,0.072786,0.075532
-0.012055,-0.00076295,-0.18021,0.21744,-0.074006,0.0077821,0.014191,0.052949
0.10361,0.16251,-0.088655,0.44358,-0.2153,-0.050507,-0.053254,0.059358
0.11032,0.17777,-0.062715,0.035554,-0.2565,0.011444,-0.022431,0.10544
-0.0053407,0.020294,-0.067903,-0.25101,-0.066987,0.010834,-0.023651,0.078279
0.0065614,-0.0099184,-0.10422,-0.38163,0.0077821,-0.030365,-0.040742,0.009308
-0.0050355,-0.021515,-0.073091,-0.24582,0.00076295,-0.0062562,0.0074769,0.0050355
-0.038605,0.011444,-0.055085,-0.053559,0.034028,0.00045777,0.017243,0.011139
0.031891,0.26566,-0.0022889,-0.18173,0.13382,-0.0035096,-0.002594,-0.021515
0.03769,0.36606,0.027924,-0.14176,0.17136,0.027314,0.013275,-0.0050355
-0.094453,0.16983,-0.023041,-0.04654,0.25132,0.083467,0.059663,0.029755
-0.15183,-0.11032,-0.013886,-0.1854,0.30411,0.077363,0.065461,-0.025483
-0.15305,-0.43229,-0.035859,-0.23423,0.11673,0.018463,0.03769,-0.069429
-0.08957,-0.36301,-0.03769,-0.20768,0.052338,0.031281,0.048981,-0.046845
-0.11856,-0.32151,-0.04593,-0.20279,-0.035554,0.033417,0.012665,-0.030671
-0.10697,0.092317,-0.033112,-0.19181,-0.064546,-0.005951,-0.00045777,-0.027008
-0.17258,0.17838,-0.070344,-0.13535,-0.015412,-0.012665,-0.0086976,-0.016327
-0.14084,-0.16678,-0.13657,-0.16922,-0.10727,-0.037995,-0.031891,-0.031281
-0.16983,-0.73594,-0.15549,-0.15396,-0.19028,-0.030365,-0.027314,-0.013581
-0.078279,-0.45243,-0.069429,0.0035096,-0.31174,-0.055695,-0.050507,-0.0068666
0.17288,0.23209,-0.090486,-0.12924,-0.18235,-0.043183,-0.050813,-0.033722
0.19974,0.21988,-0.08896,-0.31235,-0.034333,-0.017853,-0.048981,-0.022736
0.059052,0.10758,-0.065766,-0.4744,0.022126,0.018769,-0.0022889,0.016632
0.009308,-0.23301,-0.045014,-0.49058,0.043793,0.040131,0.048066,0.042878
-0.03769,-0.32242,-0.051118,-0.16068,0.035554,-0.015412,-0.0050355,0.022736
-0.010224,0.065766,-0.014496,0.73564,0.18967,-0.034943,0.0096132,0.0050355
0.13016,0.29221,0.013275,0.36973,0.21958,0.072786,0.099031,0.092012
0.079805,0.2153,0.009308,-0.050507,0.2678,0.14267,0.13657,0.15885
0.11978,0.38743,-0.026093,-0.11185,0.23087,0.10361,0.082551,0.097505
0.022736,0.2446,-0.039216,-0.20066,0.10361,0.051423,0.041657,0.041352
0.019989,-0.23789,-0.092622,-0.30259,-0.01297,0.0090028,-0.0032044,-0.0086976
-0.05539,-0.27451,-0.036774,-0.28397,-0.11551,-0.0050355,-0.0050355,-0.01297
-0.070039,0.019379,-0.042267,-0.13535,-0.08072,0.0028992,-0.0080873,-0.014801
-0.29526,-0.26383,-0.08896,0.011444,-0.0028992,-0.032807,-0.038605,-0.063935
-0.31357,-0.80888,-0.13931,-0.23636,-0.095369,-0.052033,-0.031891,-0.091096
-0.1799,-0.42252,-0.1265,-0.27848,-0.2211,-0.036164,-0.025177,-0.10758
0.088655,0.24949,-0.103,-0.21469,-0.29984,-0.030365,-0.025788,-0.073091
0.069429,0.38468,-0.079194,-0.19516,-0.16342,-0.020905,-0.0068666,0.056611
0.040131,0.35569,-0.05417,-0.074922,-0.020905,-0.0019837,0.035248,0.12284
0.15213,-0.048981,-0.018158,-0.14511,0.091707,0.025483,0.018158,0.070649
-0.012665,-0.17624,-0.041047,-0.21714,0.054475,0.049287,0.009308,0.054475
-0.0083925,0.061189,-0.046235,-0.24186,0.069734,0.031586,0.035554,0.063325
-0.017243,0.016632,-0.0795,-0.10178,0.14054,0.048676,0.043183,0.040131
-0.048676,0.015717,-0.015717,0.051728,0.16587,0.07248,0.012665,0.031281
-0.071565,-0.026703,-0.022126,0.13962,0.32242,0.080415,0.042267,0.0096132
-0.11063,0.016327,-0.028229,-0.083772,0.21897,0.026093,0.037385,-0.0013733
-0.15244,0.069429,-0.061189,-0.29374,0.088655,-0.012055,-0.0022889,-0.017548
-0.20188,0.073396,0.056611,-0.15915,-0.034943,-0.017548,-0.0062562,-0.033417
-0.16495,-0.11154,-0.088045,-0.16098,-0.075227,-0.019379,0.009308,-0.041352
-0.026703,-0.24582,-0.088655,-0.14084,-0.049592,0.018463,-0.0083925,-0.053864
-0.11398,-0.12985,-0.15702,-0.12985,-0.12558,0.0038148,-0.0022889,-0.0068666
-0.15,0.23117,-0.082551,-0.15366,-0.11002,-0.0077821,0.0047303,0.032197
0.11765,0.5745,-0.09659,-0.16068,-0.25376,-0.06302,-0.031586,-0.060578
0.22904,0.53025,-0.14725,-0.31022,-0.25925,-0.060578,-0.039216,0.030365
0.20096,0.42374,-0.017548,-0.38529,-0.086824,-0.035554,-0.019074,0.11093
0.10269,-0.34745,-0.044709,-0.034943,0.0032044,-0.030976,-0.029145,0.0041199
-0.063325,-1.3106,-0.10361,0.42527,0.14115,-0.0022889,0.023957,0.0795
-0.17594,-0.85466,-0.062104,-0.18875,0.046845,0.019074,0.031891,0.075532
-0.16312,-0.30564,-0.012665,-0.20798,0.080415,0.060273,0.0071717,0.011749
0.0383,-0.018158,0.03006,-0.078584,0.19089,0.034638,0.029145,-0.045624
0.34073,-0.0038148,-0.0096132,-0.10971,0.20127,0.02945,0.0056458,-0.092927
0.070344,-0.18814,-0.035554,-0.10575,0.25315,0.095979,0.064546,0.074617
0.13077,0.50065,-0.065766,-0.19364,0.17533,0.0795,0.065461,0.13626
0.23209,0.77287,-0.035859,-0.18784,0.009308,0.034028,0.022126,0.059663
-0.096895,0.35721,-0.041657,-0.078279,-0.043793,0.013275,0.015717,0.090486
-0.1619,0.017243,-0.061189,-0.15,-0.032197,-0.014801,0.0013733,-0.0028992
-0.26291,-0.56565,-0.12711,-0.21836,-0.11032,-0.0050355,0.01297,-0.030671
-0.36973,-0.67033,-0.11246,-0.16617,-0.10971,-0.026398,-0.032502,-0.087739
-0.34043,-0.4564,-0.13962,-0.25559,-0.13565,-0.051423,-0.055695,-0.14542
-0.12741,-0.2034,-0.057221,-0.38804,-0.33249,-0.058442,-0.075532,-0.13321
0.069123,-0.32761,-0.0013733,-0.1735,-0.20401,-0.056306,-0.051423,-0.05539
-0.12589,-0.3621,-0.0013733,-0.048981,0.042267,-0.025483,-0.024567,0.070039
0.049897,0.017853,-0.16495,-0.26413,0.10239,-0.031891,-0.016327,0.028229
0.066682,0.37064,-0.11612,0.0016785,0.0096132,-0.047761,0.0016785,-0.025788
0.092622,0.45335,-0.0041199,0.18723,-0.014801,-0.023651,0.035859,0.076143
-0.01297,0.38132,0.057832,-0.62486,0.15732,0.086519,0.070344,0.11795
-0.22019,0.13077,0.046235,-0.40269,0.14939,0.079194,0.067597,0.06302
-0.16617,0.033722,-0.12772,0.61509,0.28183,0.055695,0.031891,-0.051118
-0.060883,0.048371,-0.04715,0.86351,0.31418,0.093538,0.047456,-0.055695
-0.043488,0.045624,-0.0074769,-0.33127,0.11948,0.1265,0.083772,0.03769
0.04715,-0.2443,-0.0972,0.076753,-0.0383,0.037079,0.022736,0.036774
0.28946,-0.16617,0.025788,-0.016327,-0.068818,-0.0099184,-0.002594,0.046845
0.32151,0.090486,-0.13687,-0.44175,0.002594,0.014801,0.028229,0.068208
0.059968,0.094148,-0.092622,-0.52415,-0.1323,0.00045777,0.030365,0.10544
-0.038911,0.026398,-0.043183,-0.2031,-0.21683,-0.065156,-0.068208,0.011749
-0.019074,0.045624,-0.12985,-0.4155,-0.19394,-0.070649,-0.063325,0.0099184
-0.042573,0.17014,-0.16892,0.02182,-0.25498,-0.07187,-0.064851,-0.010529
0.010529,0.23362,-0.068208,0.3682,-0.049897,-0.042878,-0.044709,-0.031281
0.040131,0.11246,-0.012665,-0.24155,0.028229,0.0080873,0.036164,0.046845
-0.0068666,-0.3621,-0.095979,-0.39414,0.081636,0.005951,0.043793,0.0016785
-0.12741,0.02182,-0.059968,-0.19547,-0.0022889,0.025177,0.051728,-0.027008
-0.11124,0.37217,-0.030976,-0.11887,0.041962,0.060578,0.037385,0.043793
-0.18082,-0.10086,0.016327,-0.2034,0.16281,0.050813,0.016022,-0.045014
-0.31357,-0.72587,0.018769,-0.087434,0.15244,0.037079,0.023651,-0.019684
-0.16007,-0.42954,-0.016022,-0.11032,0.32731,0.079805,0.09659,0.048066
0.069734,0.02945,-0.065156,-0.19608,0.20371,0.095064,0.12497,0.0010681
0.17868,0.074006,-0.036774,-0.16892,0.027008,0.037385,0.059968,0.0077821
-0.022736,-0.26505,-0.042878,-0.17716,-0.039826,-0.015717,-0.018463,0.024262
-0.036774,-0.25162,-0.063325,-0.18906,-0.039826,-0.019074,-0.030671,-0.030671
-0.069734,0.095979,-0.069429,-0.13199,-0.04715,0.0065614,-0.017243,0.016632
-0.014801,0.17563,-0.093538,-0.12772,-0.11337,0.00015259,-0.029755,0.023346
0.032807,0.16464,-0.15183,-0.29374,-0.11093,-0.025483,-0.052033,0.002594
-0.076753,0.052033,-0.088045,-0.29526,-0.25956,-0.061799,-0.099031,0.03769
-0.093538,-0.044709,-0.05417,-0.17563,-0.27726,-0.099641,-0.11032,-0.047456
-0.033722,-0.19547,-0.058747,-0.10666,-0.08835,-0.059358,-0.049287,-0.06363
-0.018158,-0.20096,-0.084077,-0.38041,0.02121,0.0086976,0.00045777,0.0056458
0.023957,-0.11398,-0.092317,-0.34745,0.066072,0.0086976,0.023651,-0.0062562
-0.041657,-0.069734,-0.060883,0.50919,0.027008,-0.01297,0.043488,-0.0047303
-0.0062562,-0.092927,-0.048981,0.43412,0.10086,0.014496,0.070039,0.017548
0.041352,0.18875,0.017853,-0.41947,0.25284,0.12284,0.15396,0.067292
-0.079194,0.12253,0.061189,-0.25223,0.21836,0.11704,0.10422,0.13107
-0.21653,-0.11673,-0.070954,-0.21744,0.27115,0.070954,0.042267,0.062104
-0.17044,-0.36271,-0.011444,0.042573,0.10971,0.042878,0.025483,-0.048371
-0.1384,-0.23148,-0.017548,-0.16098,0.0056458,-0.0016785,-0.014191,-0.04593
-0.20249,-0.03006,-0.036164,-0.61112,0.0074769,-0.018158,-0.040742,-0.064546
0.1912,0.027924,-0.10361,-0.10941,-0.052949,-0.023041,-0.039216,-0.1146
0.21012,0.168,-0.082856,0.67399,-0.081025,-0.042878,-0.022736,-0.032807
0.40146,0.32761,-0.10117,0.16831,-0.029145,0.014191,0.029145,0.11215
0.048066,0.14237,-0.12711,-0.25284,-0.18112,0.03006,0.035859,0.23362
-0.038911,0.25681,-0.067903,-0.27359,-0.30961,-0.050202,-0.0041199,0.13016
-0.19181,0.082551,-0.091096,-0.34379,-0.15579,-0.065766,-0.029145,-0.14176
-0.20951,-0.21012,-0.087129,-0.23239,-0.051728,-0.039521,-0.010834,-0.13077
-0.058747,0.0206,-0.047761,-0.23484,0.027008,0.0068666,-0.025483,-0.10941
-0.016632,-0.27298,-0.042267,-0.22568,0.02945,0.027924,0.0053407,-0.04715
0.013275,-0.98039,-0.0090028,-0.16068,0.041962,0.031281,0.03769,0.061494
0.10636,-0.35447,-0.027008,-0.099947,0.12589,0.044404,0.053864,0.11978
-0.047761,0.086213,-0.035554,0.041657,0.17533,0.061189,0.02121,0.079194
-0.17777,0.17868,-0.036164,-0.074922,0.31815,0.048676,0.041962,0.048981
-0.13016,0.36027,-0.068818,-0.20554,0.24674,0.060883,0.056306,0.024262
-0.12253,0.55375,-0.026703,-0.18814,0.048066,0.095674,0.043183,0.02182
-0.042573,0.13779,-0.052644,-0.15274,0.017243,0.037385,0.025788,0.022736
-0.079805,-0.42313,-0.051728,-0.18082,-0.036469,-0.021515,-0.0086976,-0.0032044
-0.088045,-0.62028,0.016632,-0.23758,-0.031586,-0.012665,-0.015106,-0.065766
-0.012665,-0.78172,-0.12161,-0.31174,-0.103,-0.034943,-0.035554,-0.11368
-0.18418,-0.17594,-0.17258,-0.083772,-0.15366,-0.066072,-0.020905,-0.018463
-0.16312,0.41764,-0.11124,0.081636,-0.23697,-0.043183,-0.032807,0.0080873
0.089265,0.41672,-0.082551,-0.19516,-0.2385,-0.072175,-0.076753,-0.063935
0.13626,-0.1915,-0.01297,0.035248,-0.15244,-0.029755,-0.014496,0.010529
0.51347,0.099336,-0.064851,0.11704,-0.0071717,-0.0074769,0.0074769,0.1088
0.35904,0.30259,-0.088655,-0.1445,0.12161,-0.023346,0.01297,0.087739
-0.096284,0.2388,-0.081331,-0.24949,0.040131,-0.018769,0.0016785,0.10849
-0.10758,-0.18967,-0.061189,-0.23423,0.075227,0.019989,-0.002594,-0.015106
-0.15488,-0.46098,0.017853,-0.14878,0.11856,0.065766,0.072786,0.005951
0.017243,0.044099,0.044709,-0.051423,0.12711,0.062715,0.074006,0.018769
-0.011139,0.13443,0.014191,-0.10513,0.4033,0.10605,0.08835,0.057527
-0.15213,0.035554,-0.052033,-0.13107,0.26017,0.10758,0.10361,0.094148
-0.1033,-0.17288,-0.056001,-0.13687,0.059663,0.036774,0.031281,-0.01236
-0.14572,-0.27848,-0.048371,-0.15396,-0.078279,-0.01297,-0.00076295,-0.053559
-0.094453,-0.17685,-0.078584,-0.18662,-0.095064,-0.047456,0.0071717,-0.024872
-0.069123,-0.0035096,-0.049287,-0.24186,-0.051423,-0.049287,0.0053407,-0.033417
-0.2678,0.035554,-0.068818,-0.30381,-0.10941,0.023346,-0.0010681,0.0080873
-0.13413,0.23545,-0.14969,-0.10544,-0.10819,-0.046235,-0.051118,-0.050813
0.017243,0.34684,-0.04715,-0.19699,-0.25986,-0.08957,-0.047761,-0.053559
-0.15366,0.10788,-0.15152,-0.54887,-0.18021,-0.032807,-0.0022889,0.036774
0.22507,-0.21042,-0.11276,-0.24582,-0.09781,-0.065156,-0.051423,-0.084993
0.22599,-0.034943,-0.093538,0.56474,-0.050507,-0.023957,-0.04715,-0.039826
-0.014191,0.16861,-0.029755,0.22965,0.095369,0.12009,0.041047,0.17136
-0.11429,0.12375,-0.080415,-0.21378,0.0383,0.027008,0.0016785,0.036774
-0.14237,0.12772,-0.017548,-0.53178,0.064546,-0.015717,-0.017548,-0.012055
0.1735,0.50614,0.044404,0.093538,0.19516,-0.0010681,0.017243,-0.056916
0.18967,0.53941,0.016022,0.22995,0.23575,0.085908,0.090181,0.05417
0.068208,-0.1384,-0.095979,-0.11063,0.32425,0.12894,0.10758,0.10666
-0.10605,-1.2523,-0.065156,-0.2388,0.10086,0.055085,0.041657,0.017548
-0.087739,-1.0161,-0.01236,0.019074,0.037385,0.016022,0.0028992,-0.01297
-0.08835,-0.22782,0.034028,-0.038605,-0.04715,0.011139,0.011444,0.0053407
-0.15579,-0.0062562,-0.072175,-0.15274,-0.083162,0.019989,0.044404,0.072175
-0.083467,0.010529,-0.086519,-0.28824,-0.071565,-0.026093,0.0053407,0.0050355
0.041352,-0.041352,-0.12711,-0.21317,-0.10117,-0.041047,-0.023041,-0.023651
-0.04593,0.27939,-0.15183,-0.46983,-0.13535,-0.0050355,0.019379,0.056306
-0.086213,0.30137,-0.093233,-0.10636,-0.31388,-0.021515,-0.049897,0.047761
-0.087129,-0.22171,-0.084382,-0.10513,-0.17258,-0.059358,-0.061189,-0.073091
-0.13169,-0.21408,0.015717,-0.38163,-0.039216,-0.041352,-0.0056458,-0.083467
-0.10056,-0.025483,-0.074311,-0.58701,0.03769,-0.017853,-0.0041199,-0.095674
-0.097505,0.27726,-0.11551,-0.50248,0.046845,-0.020294,0.0013733,-0.092927
0.10086,0.34775,-0.11551,0.93767,0.085908,0.005951,0.021515,-0.039826
0.24765,-0.056306,0.058137,-0.06363,0.18662,0.11276,0.070039,0.13504
0.12772,-0.13626,0.027314,-0.1857,0.14603,0.12741,0.061799,0.19303
0.019074,-0.042267,0.029755,0.40879,0.21927,0.029145,0.015106,0.077974
-0.052033,-0.28641,-0.055085,0.068208,0.31174,0.069429,0.067292,0.04593
-0.13626,-0.4509,-0.059052,-0.2681,0.13687,0.072786,0.084077,0.042267
-0.14359,0.040742,-0.023651,-0.37064,-0.048981,-0.0090028,0.0032044,-0.028534
0.057527,0.43687,-0.082856,-0.33585,-0.045014,-0.0013733,-0.011139,-0.018769
-0.064851,0.43381,-0.075227,-0.17319,-0.053559,0.0038148,0.014191,-0.0032044
-0.12406,0.15915,-0.07126,-0.15915,-0.13199,-0.0068666,-0.0047303,-0.027008
-0.11978,-0.21439,-0.12131,-0.28855,-0.11429,-0.019989,-0.049592,-0.084077
-0.12131,-0.38651,-0.10513,-0.26139,-0.17624,-0.051118,-0.041962,-0.085908
-0.031586,-0.75486,-0.068513,0.033112,-0.29282,-0.091707,-0.041047,-0.044404
-0.010529,-0.45365,-0.066682,-0.10483,-0.08011,-0.037079,-0.012055,0.068513
-0.073701,0.33341,-0.069429,-0.10666,-0.022126,0.010529,0.024262,0.08072
-0.18723,0.27604,-0.093538,-0.15793,0.045624,-0.0038148,0.019684,-0.0010681
0.0056458,0.22324,-0.068208,-0.11673,0.043488,0.0050355,0.022126,-0.031891
0.050202,0.57603,-0.002594,-0.12467,0.051728,0.022431,0.009308,-0.016327
0.12406,0.18753,-0.0080873,-0.092927,0.1387,0.032502,0.0010681,-0.0013733
0.2089,-0.86595,0.0083925,-0.088655,0.22263,0.028534,0.025483,0.065156
0.045624,-0.65293,-0.019684,-0.093233,0.3032,0.074311,0.072175,0.15244
-0.12528,-0.4564,-0.061799,-0.0972,0.16281,0.069429,0.070344,0.039216
-0.28916,-0.2443,-0.090791,-0.17899,0.057527,0.048676,0.055085,-0.037079
-0.24582,0.041352,-0.014801,-0.15366,-0.0062562,0.025177,0.026093,-0.059358
0.026093,0.24979,-0.019074,-0.1915,-0.038605,0.025483,0.023346,0.0065614
0.2208,0.32944,-0.074006,-0.24796,-0.062104,0.039216,0.023957,0.10361
0.40574,0.26993,-0.11856,-0.30808,-0.1384,0.013275,-0.00045777,0.15427
0.21897,0.062104,-0.13565,-0.26627,-0.17716,-0.0056458,-0.016938,0.099641
-0.034333,-0.071565,-0.099641,0.052644,-0.21592,-0.077668,-0.043793,0.02945
-0.16495,0.03006,-0.045014,-0.18112,-0.16464,-0.085298,-0.06302,-0.061494
-0.23056,-0.038605,-0.062104,-0.17166,-0.090181,-0.04593,-0.02945,-0.10391
-0.20829,-0.1561,-0.14572,-0.14755,0.009308,0.0050355,-0.033417,-0.12589
-0.18387,-0.1561,-0.15183,-0.081025,0.025177,0.023957,-0.00076295,-0.074006
-0.013581,0.053864,0.028229,0.11765,0.047761,-0.0022889,-0.0032044,-0.074922
-0.072175,0.031891,-0.01236,-0.091402,0.11887,-0.01297,0.042267,0.024262
-0.014496,0.13016,0.0038148,0.20462,0.17014,0.019074,0.068208,0.058442
0.13382,0.25986,0.0035096,0.015717,0.27756,0.071565,0.07126,0.0038148
0.0047303,0.262,-0.026398,-0.14511,0.28397,0.14115,0.12406,0.090486
-0.092927,-0.17899,-0.012055,-0.25711,0.10636,0.078889,0.057832,0.092317
-0.088045,-0.34287,-0.035859,-0.19181,0.045624,0.010529,0.0086976,0.01297
-0.035248,-0.082856,-0.050507,-0.2678,-0.032197,0.011444,0.011444,0.0206
-0.070039,-0.058137,-0.087434,-0.24613,-0.042878,0.02121,0.013581,0.029145
-0.11826,-0.096284,-0.1387,-0.21103,-0.11307,-0.018158,0.0038148,0.023346
-0.049287,-0.0083925,-0.066987,-0.23209,-0.12833,-0.048066,-0.059052,-0.024872
0.082856,0.21744,-0.062715,-0.29587,-0.081636,-0.02884,-0.082246,-0.045319
-0.022736,0.031586,-0.11551,-0.41062,-0.29374,-0.048371,-0.034333,0.044099
-0.013275,-0.018769,-0.11917,-0.1854,-0.24338,-0.0383,-0.024567,0.06424
0.066377,-0.014496,-0.016632,0.23545,0.035859,-0.024872,-0.034333,-0.041047
-0.058137,-0.41672,-0.07126,0.32853,0.12406,0.052949,0.039216,0.071565
-0.11337,-0.52354,-0.11673,-0.020905,0.034333,0.018158,-0.0068666,0.033722
-0.10697,-0.1268,-0.01297,-0.29984,-0.043793,0.018158,-0.012055,-0.070954
-0.099336,0.05539,-0.027619,-0.69261,0.10269,0.0065614,0.0080873,-0.094453
0.067903,0.11368,0.062104,0.17258,0.19028,0.0053407,0.043793,-0.067597
0.031891,0.25681,-0.054475,0.35904,0.41459,0.077058,0.10605,0.04593
-0.13779,0.068208,-0.0068666,-0.20615,0.23758,0.10971,0.1387,0.14267
0.022126,0.025483,-0.03769,-0.0035096,0.011749,0.060273,0.056611,0.11643
0.20706,0.17838,-0.065156,0.0065614,0.037385,0.014496,-0.0013733,0.0206
0.097505,0.059663,-0.067903,-0.0074769,-0.073396,0.009308,-0.0086976,0.047761
0.070344,-0.24857,-0.067903,-0.13046,-0.043183,-0.0035096,-0.024567,0.015106
-0.11246,-0.36362,-0.091096,-0.33463,-0.064851,-0.023957,-0.011139,-0.010529
-0.23056,-0.10819,-0.11337,-0.32517,-0.1677,-0.026093,-0.018769,-0.012055
-0.12436,-0.013886,-0.082551,-0.20615,-0.25711,-0.031281,-0.018769,-0.04593
-0.026703,-0.016327,-0.085908,-0.26352,-0.27329,-0.093538,-0.068818,-0.06363
-0.030365,-0.061494,-0.050813,-0.30381,-0.11765,-0.06363,-0.03769,0.011749
0.085603,-0.033722,-0.052644,-0.34318,0.0050355,0.0044251,0.0074769,-0.0019837
-0.13565,0.1091,-0.12222,-0.13748,0.045319,0.016632,0.053254,0.031586
-0.093538,0.33066,-0.09659,0.15549,0.067292,0.033112,0.066377,-0.0044251
-0.084077,0.90288,0.00045777,-0.06424,0.069123,0.016327,0.016022,-0.036774
-0.15579,1.1702,0.0035096,-0.20951,0.14084,-0.020294,-0.035859,-0.053559
-0.08957,0.10025,0.0035096,-0.051728,0.17502,0.034638,0.046235,-0.025483
0.14389,-1.021,-0.01297,-0.074922,0.32334,0.11551,0.091707,0.0071717
0.20798,-1.5883,-0.030365,-0.23941,0.23941,0.080415,0.047761,0.058442
0.15793,-1.1885,-0.022431,-0.061189,0.022736,0.066987,0.066377,0.24277
0.28794,-0.30503,-0.057221,-0.15366,-0.0062562,0.029145,0.0383,0.17075
0.13626,0.29526,-0.048981,-0.42374,-0.039521,-0.039826,-0.0972,0.025788
-0.0065614,-0.050507,-0.067903,-0.23819,-0.12558,-0.065766,-0.13748,-0.0383
-0.19608,-0.22568,-0.1088,0.20829,-0.056001,-0.016327,0.010529,-0.032807
-0.27481,-0.018463,-0.22354,-0.035248,-0.048676,-0.0050355,0.00045777,-0.045624
-0.19913,0.13321,-0.056611,0.034028,-0.31815,-0.071565,-0.047456,-0.099947
-0.1265,-0.086824,-0.044709,-0.23636,-0.23026,-0.075227,-0.02884,-0.1033
-0.14328,-0.075837,-0.04715,-0.4448,-0.049897,0.0071717,0.053559,-0.026703
-0.096284,0.11368,-0.090791,-0.39414,-0.058747,0.023957,0.12467,0.035859
0.015717,0.20737,-0.10849,0.35447,0.068208,0.0383,0.11582,0.049287
-0.062104,0.10941,-0.08957,0.10147,0.103,0.081025,0.082246,0.0047303
-0.11032,0.22263,-0.0028992,-0.11582,0.1149,0.10056,0.0096132,-0.009308
-0.20737,0.36423,0.11643,0.065156,0.121,0.057221,-0.04654,-0.0068666
-0.15457,0.33677,0.00045777,-0.12528,0.29526,0.037079,-0.015717,-0.041962
-0.077974,0.0035096,-0.069429,-0.13535,0.27512,0.06363,0.019379,-0.00076295
0.13169,-0.19242,-0.076143,-0.29587,0.11612,0.039521,0.027924,0.026703
0.20737,-0.24338,-0.085908,-0.3154,0.066377,-0.0038148,0.0080873,0.027314
0.27939,-0.103,0.013886,-0.26932,-0.037079,-0.032197,-0.017548,0.015717
0.049287,-0.34897,-0.099031,-0.041047,-0.0383,0.009308,0.035859,0.11826
-0.0206,0.075532,-0.096895,-0.22629,-0.071565,0.0062562,0.018158,0.085603
-0.099641,0.039521,-0.070039,-0.027314,-0.15488,-0.02182,-0.016938,0.039216
-0.092012,-0.17777,-0.13107,-0.058747,-0.17075,-0.021515,0.0019837,0.06424
-0.039826,-0.064546,-0.11734,-0.33219,-0.2562,-0.11276,-0.064546,-0.065461
0.11826,0.047456,-0.042267,-0.38163,-0.18387,-0.099947,-0.033722,-0.059663
0.10086,0.028534,-0.030976,-0.15152,-0.04593,-0.0086976,-0.010224,-0.01236
-0.058137,0.011749,-0.085298,0.10544,0.11368,0.065461,0.075837,0.056306
-0.15,-0.017548,-0.10636,-0.042267,0.076753,0.041657,0.048371,0.082551
-0.096895,0.026398,-0.0038148,-0.14267,0.031281,0.01236,-0.024262,-0.036469
0.052338,0.12589,-0.031891,-0.49271,0.056916,0.0010681,-0.028229,-0.015412
-0.16617,0.0099184,0.0062562,-0.24033,0.12619,0.025483,-0.0056458,0.022126
-0.14542,0.23636,-0.0077821,0.074922,0.2974,0.071565,0.036164,-0.043183
-0.15885,0.39933,-0.063325,0.35843,0.27146,0.094453,0.098726,-0.040742
-0.16312,0.15244,-0.056001,-0.025483,0.14603,0.06302,0.050202,-0.013581
0.04715,-0.0065614,0.00076295,0.013886,-0.0083925,0.10056,0.039521,-0.047761
0.0795,-0.005951,-0.027008,-0.05417,-0.028229,0.002594,0.02121,-0.02121
0.08957,-0.19638,-0.049897,-0.14115,-0.039826,-0.032807,0.0065614,0.1149
0.33463,-0.72068,-0.12985,-0.40146,-0.14572,-0.019684,-0.009308,0.078279
0.0038148,-0.53178,-0.08835,-0.3386,-0.1619,0.0010681,0.018769,0.15915
-0.13993,-0.3856,-0.14633,-0.1387,-0.2089,-0.0035096,0.0053407,0.15946
-0.23026,-0.092622,-0.085908,-0.20096,-0.26749,-0.093538,-0.087129,0.0032044
-0.34012,-0.20615,-0.11856,-0.24125,-0.099947,-0.10086,-0.08896,-0.081025
-0.15244,-0.06424,-0.027619,-0.22568,-0.025177,-0.018769,-0.014496,-0.15488
0.09781,0.063935,-0.056916,-0.0047303,0.027008,0.041352,0.013886,-0.14359
0.15335,0.15183,-0.060578,-0.18418,0.074311,0.044709,0.033417,-0.04715
0.21744,0.12253,-0.02884,-0.27756,0.038911,0.046845,0.072175,0.11154
0.34257,0.26474,0.0080873,0.28,0.13016,0.029145,0.02884,0.10391
0.031281,0.28031,0.024262,-0.0013733,0.25925,0.041352,0.023041,0.04715
-0.090181,0.168,-0.03006,-0.14389,0.32059,0.10452,0.059358,0.064546
-0.168,-0.40299,-0.020905,-0.19821,0.17411,0.084993,0.046235,0.034333
-0.24918,-0.36637,-0.048371,-0.45396,0.051423,0.022736,0.017243,-0.0028992
-0.37491,-0.14694,-0.017853,-0.91752,-0.039826,-0.02884,-0.030671,-0.069123
-0.44846,-0.049897,-0.10483,-0.13779,-0.057221,-0.11154,-0.06302,-0.17594
0.032807,-0.0041199,-0.048371,0.88762,-0.030671,-0.069123,-0.055695,-0.21897
0.31022,0.16983,-0.086824,0.43595,-0.016327,0.083162,0.060273,0.033722
0.0053407,0.040131,-0.17075,0.20645,-0.11521,0.06424,0.037995,0.19699
0.29191,0.1387,-0.12955,-0.30503,-0.27451,-0.024872,-0.050507,0.10758
-0.055695,0.19425,-0.029755,-0.35569,-0.24887,-0.014801,-0.020905,0.1146
-0.15,0.23331,-0.085298,-0.29587,-0.087434,-0.019989,0.0013733,0.13046
-0.091402,-0.25437,-0.060578,-0.19059,0.02884,-0.045319,-0.025483,-0.045014
0.03006,-0.11337,-0.12222,-0.36545,0.070039,-0.019684,-0.033722,-0.067292
-0.12222,0.4744,-0.031891,-0.15183,-0.023651,0.0077821,-0.0019837,-0.002594
-0.2916,0.23117,-0.017853,-0.15213,0.063935,0.014191,0.0050355,-0.031891
-0.11917,-1.0127,0.034638,-0.19669,0.15518,0.0062562,0.002594,-0.092317
-0.075227,-0.56046,0.014191,-0.032197,0.23941,0.061494,0.085603,0.059052
0.28367,-0.10575,-0.090181,-0.21958,0.31571,0.081025,0.089876,0.031586
0.24186,-0.29191,-0.033722,-0.027314,0.14572,0.064851,0.084382,0.086824
0.14023,-0.082551,-0.04715,0.025483,0.012665,0.065156,0.085298,0.13443
-0.0022889,0.1265,-0.034028,-0.3563,-0.061494,0.03006,0.042878,-0.031281
-0.26719,0.035248,-0.049897,-0.37644,-0.072175,0.0022889,-0.046845,-0.029755
-0.10117,-0.072175,-0.10758,0.048981,-0.052033,-0.0077821,-0.019074,-0.038911
0.16129,0.2858,-0.11063,-0.066377,-0.096895,-0.034028,-0.0080873,-0.052033
0.041962,0.19059,-0.11124,-0.48386,-0.15152,0.019074,0.02884,0.14786
0.033417,0.033722,-0.056306,-0.29099,-0.2739,-0.06363,-0.062715,0.076448
0.2977,0.055085,-0.069429,0.005951,-0.14542,-0.11337,-0.091096,-0.070649
0.017243,-0.13962,-0.086824,0.061494,-0.055085,0.005951,0.009308,0.078279
-0.21469,-0.074617,-0.13993,0.10727,0.015106,0.030671,0.010834,0.084077
-0.35843,-0.074922,-0.043183,-0.15091,0.1323,0.021515,0.031281,-0.0028992
-0.10819,0.01236,-0.048066,-0.18387,0.027008,0.030365,0.05417,0.0028992
0.036774,0.0062562,-0.0062562,0.012055,0.077974,0.014496,-0.00015259,-0.022736
0.015717,-0.02182,0.023651,0.012055,0.1445,0.024872,0.0013733,0.011444
0.095674,0.13199,-0.014801,-0.16922,0.33829,0.04654,0.015717,-0.036774
0.10269,0.16953,-0.033722,-0.19791,0.25772,0.048066,0.04715,-0.05539
-0.06302,0.051728,-0.041047,-0.18753,0.066682,0.024872,0.059968,-0.0019837
-0.14969,-0.10056,-0.032807,-0.17319,0.015106,-0.0090028,0.013275,0.015106
-0.081025,-0.13016,-0.053864,-0.22568,-0.041047,-0.021515,-0.0050355,-0.0050355
0.091707,0.0080873,-0.069123,-0.08072,-0.056001,0.024262,0.025788,-0.023346
-0.048371,-0.044709,-0.06424,-0.082551,-0.12863,0.012055,-0.0019837,0.06363
-0.22232,-0.10788,-0.13443,-0.23117,-0.085298,-0.011444,-0.023041,0.060578
-0.23514,0.049592,-0.13291,-0.27787,-0.19364,-0.048066,-0.022126,-0.070649
-0.11795,-0.10697,-0.1146,-0.15946,-0.31571,-0.062104,-0.057527,-0.073701
0.014801,-0.047456,-0.046845,-0.19394,-0.12985,-0.035859,-0.038911,-0.047761
0.19181,-0.099336,-0.085908,-0.23484,-0.031586,-0.02945,-0.018769,-0.063935
0.033722,-0.53361,-0.073396,-0.12894,0.053254,0.00015259,0.028229,-0.014801
-0.0090028,-0.20432,-0.020905,0.31052,0.09781,0.0044251,0.0050355,-0.0022889
-0.026703,0.17044,0.012055,-0.060883,0.1323,0.041657,-0.0035096,0.035554
-0.014191,0.0383,0.032502,-0.22904,0.10269,0.040742,0.026093,0.059052
-0.15946,-0.26505,-0.053864,-0.47288,0.10178,0.048981,0.062409,0.087739
-0.046845,0.0206,-0.037995,0.13535,0.33371,0.087434,0.053559,0.0086976
0.057832,0.12558,-0.064851,0.010834,0.24002,0.081331,0.053254,-0.025483
-0.039216,-0.12802,0.025483,-0.46586,0.018158,0.070344,0.090486,0.10025
-0.14481,-0.13687,-0.10971,-0.56352,-0.024262,0.057221,0.072175,0.11826
0.06424,0.17044,-0.14878,0.17502,-0.016632,-0.056611,-0.045014,-0.08957
0.13077,0.48325,-0.094148,0.95293,-0.051423,-0.03769,-0.015717,-0.048371
-0.066682,0.27848,-0.0096132,-0.014496,-0.059358,0.042573,0.056306,0.10147
-0.18112,-0.21775,-0.085298,-0.42649,-0.12711,-0.031586,-0.014496,0.030976
-0.17075,-0.40055,-0.13077,-0.37583,-0.27298,-0.074617,-0.068208,-0.03769
-0.15,-0.28153,-0.036469,-0.26444,-0.24643,-0.057832,-0.045624,-0.057221
0.26627,-0.08957,-0.081331,-0.17136,-0.08835,-0.02884,-0.031586,-0.066682
0.1912,0.31357,-0.098116,-0.24399,0.0047303,-0.045319,-0.025788,0.01297
-0.10849,0.33738,-0.044099,-0.056306,0.032197,0.019379,0.023651,0.11917
-0.14023,0.17472,-0.065766,-0.071565,0.056916,0.023346,0.011444,-0.0013733
-0.03769,-0.013886,-0.036774,-0.19211,0.093538,0.00076295,0.0047303,-0.066682
-0.0013733,-0.14359,0.027924,-0.0972,0.12772,0.067597,0.046235,0.0071717
-0.090181,-0.20188,0.013275,-0.10758,0.25406,0.081636,0.051423,0.018158
-0.35294,-0.64561,-0.048676,-0.13291,0.3267,0.059358,-0.014191,-0.062104
-0.23972,-0.61753,-0.083162,-0.18601,0.13809,0.075227,0.015717,-0.099031
-0.0065614,-0.14084,-0.02884,-0.23392,0.0038148,0.056916,0.05417,-0.025788
-0.076143,-0.43839,-0.0053407,-0.36179,-0.041352,0.031586,0.017548,0.044099
0.25376,-0.34867,-0.064546,-0.31388,-0.033417,-0.0077821,-0.0044251,0.03769
0.26352,0.036164,-0.11887,0.06363,-0.071565,-0.020294,0.021515,0.11917
0.10666,0.22446,-0.12772,0.23148,-0.13809,-0.040436,-0.00015259,0.12894
0.16526,0.53483,-0.073396,-0.24918,-0.095369,-0.014801,-0.0013733,0.010529
0.13107,0.56046,-0.078279,-0.32029,-0.30594,-0.060273,-0.029755,0.0795
0.048066,0.38071,-0.061189,-0.26932,-0.18662,-0.066072,-0.019379,0.068513
-0.21714,0.21744,-0.076753,-0.19577,-0.0090028,-0.023346,0.0019837,0.016938
-0.16281,0.1033,-0.17746,-0.073701,0.035859,-0.014801,-0.033722,-0.078279
-0.17685,-0.4387,-0.040131,0.011139,0.013886,-0.0090028,-0.015717,-0.048981
-0.10544,-0.2797,0.025483,0.0071717,0.069734,0.0038148,0.02121,0.00045777
0.050202,0.10056,-0.005951,-0.17563,0.168,0.022126,0.023651,-0.066682
-0.15702,-0.054475,0.026093,-0.65324,0.15061,0.041352,0.061189,-0.016632
-0.24765,-0.34562,-0.070039,-0.2092,0.25589,0.028534,0.051118,-0.05478
-0.013275,-0.45548,-0.058442,0.75334,0.24491,0.028534,0.009308,-0.10117
-0.035554,-0.24979,-0.033722,0.097505,0.16739,0.11765,0.082551,0.11765
-0.1503,0.066072,0.0083925,-0.074922,-0.04715,0.11734,0.12589,0.2623
0.085908,0.095979,-0.05478,-0.060578,-0.057221,0.0044251,-0.0083925,0.019684
0.121,0.29526,-0.094453,-0.32059,-0.041962,0.016938,-0.0050355,0.012055
0.092622,0.53727,-0.094759,-0.18967,-0.15763,0.0032044,0.025483,0.096284
-0.077668,0.70939,-0.15091,-0.28733,-0.13565,-0.027924,-0.02945,0.0096132
-0.094453,0.12741,-0.040131,-0.27512,-0.21836,-0.039826,-0.036774,-0.010834
0.085603,-1.1763,-0.11551,-0.13321,-0.21012,-0.087129,-0.073701,-0.075227
0.13504,-0.60868,-0.096284,-0.26719,-0.11398,-0.049897,-0.055695,-0.023651
-0.023041,-0.24826,-0.014496,0.065766,-0.044709,-0.0047303,0.013886,0.087434
0.0080873,-0.048066,-0.13657,-0.19211,0.13657,0.00015259,-0.014496,-0.027008
-0.085908,0.21225,0.016327,-0.16709,0.07248,0.023041,-0.0053407,-0.055695
-0.04715,0.20798,-0.072175,-0.14084,0.015412,0.016632,0.019379,0.02182
0.063935,0.1735,0.0035096,-0.11978,0.1088,-0.012665,-0.014801,-0.04654
-0.0074769,-0.092622,-0.0016785,-0.08835,0.21836,0.044404,0.057527,0.011749
-0.042878,-0.25406,-0.03006,-0.11978,0.35904,0.08835,0.10239,0.027619
-0.034943,-0.085908,-0.002594,-0.08896,0.14176,0.072175,0.085298,-0.010224
-0.19242,-0.03769,0.0035096,-0.10483,0.078584,0.045014,0.055695,-0.0086976
-0.063325,0.23239,-0.044099,-0.25986,-0.010529,-0.0019837,0.0074769,-0.019684
-0.027619,0.19242,-0.066987,-0.18936,-0.08072,0.023346,0.0077821,0.036164
-0.051423,0.052338,-0.17014,-0.13687,-0.035554,0.016327,0.02182,0.04715
-0.0062562,0.08011,-0.12558,-0.091707,-0.16617,-0.041047,-0.033417,-0.033722
-0.048371,0.014496,-0.13382,-0.13596,-0.16281,-0.033722,-0.034943,-0.023041
-0.099947,-0.35294,-0.10513,-0.38346,-0.25101,-0.056001,-0.036469,-0.0050355
-0.06302,-0.33341,-0.069123,-0.035248,-0.21286,-0.081636,-0.061799,-0.052949
-0.057527,-0.092927,-0.035859,-0.099031,-0.067903,-0.017548,-0.016938,0.030976
0.079194,-0.00076295,-0.066987,-0.14725,0.005951,0.0083925,0.0010681,0.058137
0.061494,0.050202,-0.052949,-0.15488,0.045319,0.011139,0.0056458,0.067597
-0.049897,-0.060273,-0.037995,-0.083772,0.065461,0.012055,0.0050355,0.062104
-0.060883,-0.036469,-0.055695,-0.15122,0.1445,0.016938,0.010834,-0.044709
0.033722,0.02945,0.034333,-0.056916,0.11612,0.051423,0.022736,-0.0074769
-0.055085,-0.034943,0.035859,-0.0053407,0.21897,0.052338,0.046235,0.035248
-0.043793,-0.054475,-0.027008,-0.12497,0.30167,0.074617,0.070344,0.049897
-0.042878,-0.05478,-0.036469,-0.24704,0.095369,0.074311,0.077668,0.052949
-0.011139,0.056611,-0.095064,-0.1735,0.036774,0.040131,0.040436,0.029755
-0.05539,0.028534,-0.021515,-0.17746,-0.0383,0.0062562,-0.010224,-0.00045777
-0.035859,0.037079,-0.052644,-0.20584,-0.0056458,0.024262,0.013275,0.015412
-0.039216,-0.065461,-0.095979,0.051728,-0.055695,0.0062562,0.024262,0.0074769
-0.028534,-0.077363,-0.11307,0.015412,-0.090181,0.002594,0.016632,0.016022
-0.029145,-0.072175,-0.11276,-0.23545,-0.092317,-0.031586,-0.0056458,-0.034333
-0.057832,-0.009308,-0.095064,-0.15366,-0.33555,-0.11612,-0.089876,-0.068818
-0.063325,-0.0795,-0.10605,-0.041352,-0.18082,-0.060578,-0.045624,-0.040742
-0.090791,-0.10056,-0.094759,-0.22019,-0.086213,-0.036469,-0.017548,-0.030365
-0.11154,-0.061799,-0.0096132,-0.21622,-0.039216,-0.03006,-0.017243,-0.069123
-0.11215,0.074617,-0.043183,-0.18997,0.13443,0.043183,-0.0010681,-0.052033
0.047456,0.065766,-0.059052,-0.085603,0.11673,0.050507,0.022126,0.0013733
0.034333,-0.05539,-0.032502,0.095979,0.086519,0.025483,0.034333,0.086213
0.038911,-0.11398,-0.0038148,-0.052644,0.12589,0.014801,0.058137,0.067903
0.086824,-0.25345,-0.027924,-0.22538,0.27573,0.089265,0.06424,0.03006
-0.013581,-0.15183,0.0016785,-0.038605,0.22141,0.11063,0.069734,0.069734
-0.12253,-0.039826,-0.084993,-0.20615,0.10666,0.068818,0.034333,0.078279
-0.11154,-0.017548,-0.025788,-0.40635,0.033417,-0.00076295,0.020294,0.011749
0.00045777,0.034333,-0.0035096,-0.050507,-0.051423,-0.0056458,0.026093,-0.030671
0.051423,0.14664,-0.10208,-0.16281,-0.024872,0.0010681,0.027008,0.012055
0.15885,0.18418,-0.10941,-0.22477,-0.10819,0.016632,0.0383,0.094453
0.051118,0.18814,-0.2034,-0.20706,-0.14664,-0.0062562,-0.02121,0.00076295
-0.0019837,0.096284,-0.050507,0.10025,-0.17807,-0.069734,-0.071565,-0.022431
-0.10361,-0.10636,-0.070039,0.1915,-0.24887,-0.053559,-0.044709,0.0090028
-0.078279,-0.11032,-0.076753,-0.15396,-0.079805,0.00015259,-0.0086976,-0.0053407
-0.07126,-0.18051,-0.0795,-0.39872,-0.045624,-0.048981,-0.015412,-0.035248
-0.23056,-0.37766,-0.063325,-0.11948,-0.047761,-0.027008,-0.023041,-0.042573
-0.18265,-0.13077,0.009308,-0.2739,0.048371,0.02884,0.0383,0.0010681
-0.073701,0.065156,-0.093233,0.084077,0.22049,0.059663,0.04593,-0.002594
0.22751,0.23972,0.04654,-0.12314,0.21347,0.039216,0.025788,-0.039216
0.14939,-0.083467,0.052644,-0.25437,0.12161,0.05478,0.059663,0.069123
0.031891,-0.29984,-0.041047,0.13901,0.29648,0.070649,0.043183,0.029755
0.0096132,-0.066682,-0.11978,0.32975,0.23331,0.056306,0.03006,-0.010529
-0.025483,0.24186,-0.055695,-0.44999,0.10636,0.091707,0.073701,0.13626
-0.072786,-0.016327,-0.073091,-0.51987,-0.10575,0.08072,0.066072,0.13809
0.027924,-0.19852,-0.018769,-0.081025,-0.095369,0.014801,0.0041199,0.077974
-0.065461,-0.11398,-0.10605,0.12436,-0.015717,-0.019379,-0.0028992,0.037079
-0.22141,-0.18143,-0.10697,-0.069123,-0.099031,-0.027924,0.0080873,-0.0035096
-0.08011,-0.024872,-0.056611,-0.2562,-0.14176,-0.087129,-0.045014,-0.11429
-0.065766,0.25315,-0.11826,-0.26139,-0.30472,-0.077974,-0.07126,-0.10605
-0.20188,-0.2034,-0.059052,-0.49302,-0.20737,-0.044099,-0.058137,-0.092012
0.035248,-0.20005,-0.062715,-0.65476,-0.066072,-0.019684,-0.037079,-0.087434
-0.075532,0.27726,-0.083162,-0.10269,-0.0206,-0.059663,-0.048676,-0.054475
0.16342,0.29526,-0.083162,0.54093,0.10086,-0.037079,0.020294,-0.0090028
0.049592,-0.017853,-0.0096132,-0.091707,0.10025,0.066682,0.080415,0.082246
0.10483,0.060578,-0.01297,-0.52262,0.06363,0.06302,0.03769,0.081636
-0.16617,-0.3621,0.032807,-0.24491,0.091707,0.0071717,0.0086976,0.009308
-0.22324,-0.67185,-0.084077,0.099947,0.28153,0.052644,0.062104,0.060273
0.15091,0.15549,-0.039826,0.85222,0.33768,0.07126,0.066682,0.070344
0.11978,0.013275,-0.016938,0.14969,0.17868,0.10849,0.086519,0.1445
0.20035,-0.29862,-0.032502,-0.43503,0.002594,0.090486,0.042878,0.090181
-0.065156,0.056306,-0.037995,-0.26169,-0.077058,0.005951,0.009308,0.017548
-0.087434,0.6743,-0.11734,-0.15366,-0.062104,-0.011139,-0.0044251,0.005951
-0.082246,0.6865,-0.076143,-0.13352,-0.077058,-0.0071717,-0.009308,-0.037385
-0.13657,-0.58091,-0.0972,-0.20188,-0.092012,0.0019837,0.0028992,-0.0019837
-0.21134,-1.2541,-0.068513,-0.36759,-0.14603,-0.051423,-0.04654,-0.052033
0.019074,-0.27665,-0.10483,-0.43198,-0.31083,-0.10422,-0.085908,-0.022736
0.28824,0.00045777,-0.086824,-0.262,-0.20035,-0.078279,-0.047456,0.0050355
0.082856,0.24186,-0.09659,0.24338,-0.043488,-0.024872,0.0053407,0.08957
-0.095369,0.1677,-0.066987,0.095979,0.10391,0.027008,0.035248,0.10086
-0.10544,0.04715,-0.10849,-0.30716,0.056001,0.031586,-0.012665,-0.052644
-0.103,-0.049897,-0.018158,-0.30655,0.0080873,-0.0077821,-0.0056458,-0.048981
-0.12741,-0.13901,0.00015259,0.0032044,0.16129,0.025483,0.025177,-0.012665
-0.069123,0.015106,0.037995,-0.14054,0.16739,0.045014,0.03006,-0.036774
-0.043488,0.048676,-0.0013733,-0.28519,0.26108,0.060273,0.056001,-0.028229
-0.030671,0.13931,-0.038911,-0.17655,0.24826,0.066987,0.066377,-0.028229
-0.011139,0.11917,-0.034028,0.103,0.099336,0.051423,0.058442,-0.0053407
0.00076295,0.18387,-0.04715,-0.11307,0.036164,0.051118,0.068208,0.10025
0.0016785,0.25834,-0.036774,-0.10147,-0.062715,0.01236,0.043183,0.064546
-0.089265,-0.04593,-0.074617,-0.22934,-0.070039,0.023041,0.02884,0.02945
-0.06363,-0.18448,-0.10239,-0.051118,-0.10513,-0.0071717,-0.0022889,-0.02945
-0.0056458,0.12039,-0.14115,-0.32425,-0.1326,-0.056001,-0.01297,-0.042878
-0.070649,-0.14664,-0.083162,-0.18814,-0.22751,-0.019684,-0.016632,0.012665
-0.10422,-0.38193,-0.10758,-0.27909,-0.26352,-0.069429,-0.048981,-0.017548
-0.026398,-0.1268,-0.090486,-0.018463,-0.10941,-0.062104,-0.052033,-0.038911
-0.070039,0.048066,-0.048676,0.19242,-0.034638,-0.0099184,-0.016938,-0.0035096
0.039216,0.29923,-0.093233,-0.23423,0.11368,0.016632,-0.0062562,0.030976
0.13046,0.1146,-0.029755,-0.26566,0.076143,0.0041199,-0.0022889,0.016022
0.092622,-0.27024,0.010834,-0.19669,0.036164,0.0068666,0.016022,0.025788
0.10422,-0.3856,-0.00076295,-0.24887,0.15244,0.01297,0.0050355,0.022126
-0.11246,-0.31846,0.011444,-0.15152,0.20096,0.002594,-0.031281,0.049897
-0.17929,0.12009,-0.072175,-0.17563,0.31785,0.065461,0.028229,0.016632
-0.30137,-0.13046,-0.069429,0.10544,0.15671,0.075532,0.040436,-0.07126
-0.27878,-0.049897,-0.041657,0.1976,0.080415,0.085908,0.037079,-0.057832
-0.28702,0.10636,-0.052338,-0.070344,0.018769,0.090486,0.053254,0.0099184
-0.085908,-0.35966,-0.061189,-0.17563,-0.086824,0.010529,0.043488,-0.024262
0.053254,-0.30045,-0.046845,-0.37522,-0.057527,-0.037385,0.060578,0.0074769
0.30961,-0.016327,-0.066072,-0.37888,-0.11215,-0.027924,0.11398,0.029145
0.31907,0.11398,-0.17014,0.03006,-0.11307,-0.035248,0.040131,0.012665
0.098116,0.15427,-0.10697,0.18143,-0.23056,-0.027924,-0.029755,0.066377
0.082551,0.1619,-0.060578,-0.18875,-0.18692,0.0068666,-0.079194,0.061494
-0.0206,0.11673,-0.074922,-0.25986,-0.099641,-0.0383,-0.11856,0.02945
-0.0795,0.11978,-0.098421,-0.28153,-0.0032044,-0.050202,-0.014191,0.027008
0.12253,0.09781,-0.015717,-0.17197,0.041657,-0.018158,0.043488,-0.0032044
-0.033417,-0.029755,-0.044404,-0.20157,0.022736,-0.0096132,0.096284,0.013581
-0.083162,-0.12497,-0.045624,0.0032044,0.077363,0.10056,0.1387,0.058137
0.0099184,0.056001,-0.030671,0.005951,0.16617,0.057221,0.0032044,-0.022126
-0.0019837,0.011444,0.034943,-0.13687,0.2974,0.027008,-0.023041,-0.030365
-0.10208,-0.092622,-0.082856,-0.23423,0.25834,0.1149,0.068208,0.11154
-0.074006,-0.009308,-0.035859,-0.35966,0.12284,0.10727,0.030365,0.034943
-0.12802,0.075532,-0.059052,-0.24826,0.049897,0.061494,0.03006,-0.018463
-0.1265,0.019074,-0.078889,-0.1561,-0.038911,0.077058,0.010529,0.017548
-0.077974,-0.049592,-0.052033,0.35416,-0.070954,0.036164,-0.0022889,0.018769
-0.024872,-0.00045777,-0.050507,0.085298,-0.099031,-0.045014,-0.012055,-0.016632
-0.1091,-0.070649,-0.07187,-0.16281,-0.055695,-0.033112,0.02945,0.0016785
-0.065156,-0.035554,-0.047761,-0.26902,-0.18631,-0.005951,0.023651,0.023651
-0.041352,0.061799,-0.1088,-0.22812,-0.22599,-0.088655,-0.049592,0.009308
0.27939,0.14939,-0.11032,-0.19669,-0.13046,-0.13657,-0.09781,-0.025177
0.08835,-0.39261,-0.17899,-0.22019,-0.0795,-0.078279,-0.051118,0.042878
-0.29496,-0.72496,-0.038605,-0.085908,0.047761,-0.070649,-0.037079,0.12314
-0.20096,-0.39109,-0.056306,-0.10391,0.055085,0.026398,-0.042573,0.050202
-0.043183,0.0062562,-0.055085,-0.24826,0.051118,0.046845,-0.03769,-0.083772
0.029755,0.1442,0.0038148,-0.20218,0.062409,0.027924,-0.04593,-0.052644
0.39445,0.60807,0.062715,0.12619,0.14267,0.05539,-0.015106,-0.036469
0.019379,0.48173,-0.015717,0.040742,0.4036,0.096895,0.070344,-0.0086976
-0.12558,0.21317,-0.0086976,-0.40269,0.22446,0.092317,0.088655,-0.0019837
-0.047761,0.067903,-0.066987,-0.64012,0.010529,0.018158,0.052949,-0.035859
-0.11185,-0.26596,-0.05478,-0.41825,-0.0041199,-0.025788,0.03769,0.031586
-0.084382,-1.1766,-0.067292,0.70481,-0.024872,-0.066377,-0.0010681,-0.050813
-0.06302,-0.63981,-0.052338,0.48508,0.04593,0.027314,0.034028,0.0016785
-0.098421,0.11032,-0.092317,-0.33066,-0.081331,0.095674,0.096895,0.14633
-0.18204,0.29526,-0.12619,-0.87724,-0.23362,0.024262,0.012055,0.041657
-0.11337,0.18265,-0.089265,-0.46494,-0.30594,-0.086213,-0.099031,-0.10361
0.10697,0.070039,-0.13291,-0.014496,-0.24735,-0.096284,-0.077668,-0.088045
0.18875,0.13779,-0.08957,0.67338,-0.056001,-0.018158,0.005951,0.030976
0.09659,0.077668,-0.026703,0.08896,0.013886,0.032197,0.036774,0.11856
0.25498,0.13718,-0.036774,-0.073091,0.10086,-0.0019837,0.036774,0.081636
-0.18235,-0.16678,-0.056611,-0.31724,0.086213,-0.0080873,0.053559,0.094453
-0.20676,-0.50584,-0.07248,-0.53513,0.026093,0.06363,0.023041,0.041047
-0.13321,-0.57481,-0.040131,-0.13382,0.12985,0.061494,-0.011139,-0.055085
-0.20035,-0.048066,0.099947,0.039826,0.12284,0.051728,0.041962,0.045319
-0.16434,0.2678,0.0096132,0.0056458,0.36667,0.10666,0.071565,0.026093
-0.052644,0.27268,-0.086824,-0.092927,0.27115,0.072786,0.043793,-0.046845
0.22354,0.36271,-0.067903,-0.20676,0.015106,0.023346,0.010529,-0.0383
0.12833,-0.10391,-0.089265,-0.076753,-0.0013733,0.023041,0.02945,0.040131
-0.068208,-0.63828,-0.039826,-0.2269,-0.024872,-0.019989,0.002594,0.059358
0.17136,-0.10697,-0.044709,-0.19211,-0.04654,-0.018769,-0.02121,-0.033722
0.041657,0.10605,-0.11765,-0.21469,-0.13657,-0.0099184,-0.0041199,0.024872
-0.081331,0.12436,-0.13077,-0.27848,-0.16098,-0.04654,-0.034333,-0.0047303
-0.11032,-0.067597,-0.076143,-0.30747,-0.31296,-0.051118,-0.061189,-0.053254
-0.14786,-0.22385,-0.098421,-0.40696,-0.2031,-0.065156,-0.062104,-0.035859
-0.075227,0.13474,-0.084077,0.15152,-0.057832,-0.060578,-0.039216,-0.056611
-0.043183,0.50248,-0.046235,0.21592,0.031586,-0.022126,-0.014496,-0.02884
-0.015106,0.45548,-0.052949,-0.14267,0.13016,0.092317,0.054475,0.082551
-0.034333,0.17258,-0.036774,-0.099641,-0.015412,0.034638,0.041352,0.073701
0.013581,-0.40085,-0.057221,-0.215,0.077668,0.012665,0.0038148,0.036164
0.00045777,-0.92515,0.028229,-0.085603,0.14084,0.051423,0.031891,0.031586
-0.067292,-0.24582,-0.019684,-0.11246,0.25467,0.062409,0.057221,0.033417
-0.026398,0.095369,-0.010224,-0.17777,0.29374,0.09659,0.079805,0.02884
0.035554,0.072175,-0.0068666,-0.30625,0.11246,0.060883,0.052338,0.027314
-0.046845,-0.052033,-0.04593,-0.50706,0.043488,0.023346,0.040131,0.037079
-0.11856,-0.033417,-0.060578,0.12985,-0.041352,-0.0010681,0.0016785,-0.0010681
-0.011444,0.14267,-0.061189,0.40177,-0.019074,-0.033112,-0.002594,-0.059663
-0.13962,0.10269,-0.090486,-0.15488,-0.056611,0.043183,0.04715,0.025788
-0.16403,0.0071717,-0.12314,-0.29557,-0.15793,0.01297,0.02182,0.039216
-0.04593,0.15793,-0.16861,-0.2681,-0.14969,-0.045319,-0.035554,-0.019379
0.11276,0.17746,-0.069123,-0.22965,-0.25254,-0.087739,-0.078279,-0.049592
-0.12131,-0.25467,-0.047761,-0.14389,-0.17502,-0.065461,-0.04593,-0.0019837
-0.15244,-0.28367,-0.081331,-0.15,-0.022431,-0.021515,-0.017548,0.0096132
-0.019684,-0.21012,-0.082246,-0.26963,0.031891,0.0028992,-0.013581,-0.015717
0.12375,-0.040742,-0.040742,-0.22141,0.027008,0.02121,-0.0019837,-0.027008
0.18448,0.086213,-0.017548,-0.075227,0.067597,0.0077821,-0.00076295,0.0038148
0.31174,0.08072,-0.050507,0.011139,0.14206,0.016022,0.01297,-0.0056458
0.13809,0.064546,-0.023041,0.13962,0.13931,0.033112,0.049287,0.057221
-0.060578,0.015412,-0.038911,-0.23545,0.29953,0.078279,0.071565,0.11307
-0.17807,-0.11215,0.0099184,-0.37369,0.2034,0.078584,0.033722,0.092622
-0.10208,-0.1796,-0.096895,-0.52537,0.056001,0.053559,-0.00045777,0.011444
-0.0056458,-0.018463,-0.048981,0.099336,0.0071717,-0.017853,-0.014496,-0.065766
-0.036469,0.036469,0.012665,0.40879,-0.023041,-0.019074,0.0086976,-0.012055
-0.081636,0.016327,-0.10758,-0.0010681,-0.017548,0.037079,0.032807,0.073701
-0.050813,0.082551,-0.073396,0.009308,-0.11948,-0.02945,0.002594,0.00045777
-0.11002,0.022736,-0.15518,-0.24704,-0.073091,-0.021515,0.077974,-0.0050355
-0.066072,0.13962,-0.10513,-0.24033,-0.19883,-0.049592,0.026703,-0.07187
-0.056611,0.10819,-0.095369,-0.21469,-0.32944,-0.073396,-0.020905,-0.039216
-0.031281,0.099947,-0.053864,-0.22568,-0.10941,0.00015259,-0.0056458,0.02182
0.0047303,-0.11276,-0.055085,-0.21469,-0.018463,0.0028992,-0.044404,-0.021515
-0.034638,-0.56291,-0.090791,-0.18509,0.072175,0.027314,-0.048371,0.017243
-0.04654,-0.3563,-0.030365,0.082856,0.027619,-0.00076295,-0.031586,0.013581
-0.10208,-0.035859,-0.068513,-0.0071717,0.044099,-0.017548,0.012055,-0.037079
-0.018158,0.059663,0.0038148,-0.41367,0.17075,-0.0041199,-0.0053407,-0.045624
-0.092317,0.043793,0.023651,-0.11551,0.18448,0.071565,0.041047,0.065156
-0.11765,-0.121,-0.022736,-0.05417,0.3154,0.11154,0.027008,0.075227
-0.074006,-0.17166,-0.03769,-0.096895,0.17472,0.048981,-0.12253,0.0074769
0.0016785,-0.012665,-0.034638,-0.21714,0.044099,0.038911,-0.024872,0.022736
0.37034,0.16617,-0.046235,-0.32547,-0.0206,0.026093,0.050507,0.039521
0.045624,-0.050813,-0.035554,-0.12284,-0.032807,0.023041,0.088655,0.085298
-0.040742,-0.010834,-0.08011,0.21317,-0.045624,0.024567,0.16068,0.057527
-0.087434,0.059663,-0.13443,-0.22965,-0.10361,0.0206,0.14206,0.038911
-0.081025,-0.015412,-0.14145,-0.44999,-0.15946,-0.039521,0.11032,0.0074769
-0.0056458,-0.053559,-0.076753,-0.54032,-0.28,-0.059968,0.10025,-0.050813
-0.061189,-0.13657,-0.059052,-0.58335,-0.215,-0.030365,0.039216,0.015412
-0.086213,-0.092317,-0.10452,-0.15763,-0.051728,-0.077363,-0.081331,-0.020294
0.06363,0.19425,-0.081025,1.1714,0.043488,-0.086213,-0.1268,-0.081331
0.054475,0.095674,-0.082856,0.30014,0.13504,0.012665,-0.1033,0.053254
-0.095674,-0.014496,-0.048371,-0.24552,0.0035096,0.098421,-0.075227,0.1146
-0.12955,-0.14664,-0.056611,-0.309,0.038911,0.10971,-0.025483,0.017548
-0.089876,-0.35874,0.032502,-0.01236,0.15122,0.048981,0.0041199,-0.038605
-0.065766,-0.24033,0.034028,0.079194,0.25711,0.058137,0.011444,-0.052033
-0.051423,0.065156,-0.023651,-0.098421,0.31418,0.12528,0.034943,-0.0062562
0.10239,0.33555,-0.024567,-0.33036,0.13016,-0.035554,0.0038148,-0.041657
0.065766,0.30228,-0.026703,-0.50797,-0.032197,-0.011139,0.031281,0.023651
-0.052644,0.044404,-0.077058,-0.52842,-0.043183,0.017243,0.03769,0.029145
-0.087739,-0.21622,-0.12772,-0.085298,-0.061494,-0.083772,-0.0013733,-0.029145
0.026703,0.12375,-0.077058,0.80278,-0.074922,-0.072175,-0.00015259,-0.043183
-0.067597,-0.060883,-0.10605,-0.23484,-0.048981,0.034943,0.042267,0.07187
-0.08957,-0.25956,-0.079194,-0.551,-0.16037,0.024262,0.014801,0.046235
-0.074922,-0.48997,-0.068208,-0.32609,-0.33829,-0.063325,-0.035859,-0.036469
-0.0010681,-0.31388,-0.14084,-0.36576,-0.1326,-0.032197,-0.015106,-0.01236
0.032807,0.13443,-0.035554,-0.43473,-0.0065614,-0.014191,-0.020905,0.002594
-0.039826,0.20615,-0.092012,-0.13382,-0.016632,-0.031281,-0.031891,0.027314
-0.15244,0.0086976,-0.05478,0.049592,0.06424,-0.010834,-0.02945,-0.034638
-0.072786,-0.035554,-0.051728,0.29984,0.066377,-0.010834,-0.0071717,-0.064546
0.064546,0.26047,-0.019684,0.10208,0.19242,0.0068666,0.026093,-0.024567
0.0041199,0.50462,0.0019837,-0.26566,0.1326,0.083772,0.059358,0.06302
-0.032807,0.0053407,-0.10452,-0.094453,0.21653,0.10575,0.077974,0.10239
-0.16831,-0.47288,0.0056458,-0.20432,0.27939,0.055695,0.056001,0.051118
-0.12772,-0.16861,-0.057221,-0.39231,0.14267,0.027008,0.028229,0.029755
-0.069429,-0.24552,0.016022,-0.030365,-0.018463,0.011444,0.019379,0.019989
0.011139,-0.54032,-0.060578,-0.091402,-0.06363,-0.0096132,0.002594,-0.016632
0.12039,-0.0077821,-0.076753,-0.13107,-0.052033,0.0086976,-0.0062562,-0.030365
0.052033,0.43442,-0.046235,-0.23484,-0.078279,0.048981,0.039826,0.098726
0.0041199,0.32029,-0.1387,-0.092622,-0.11215,0.0050355,-0.018158,0.022736
-0.1564,-0.071565,-0.092622,-0.10727,-0.21744,-0.051118,-0.04715,0.00076295
-0.08072,0.056001,-0.10727,-0.19608,-0.27054,-0.065156,-0.068208,-0.040742
-0.26169,-0.47288,-0.080415,-0.28153,-0.14176,-0.030365,-0.014191,-0.077974
-0.057221,-0.87816,-0.081941,0.11429,-0.0019837,-0.04715,-0.012665,-0.082246
-0.052949,-0.6862,-0.023957,-0.037079,0.076448,-0.0086976,0.010529,-0.041962
0.36515,0.056001,-0.023957,-0.032197,0.0383,0.035248,0.04654,0.041352
0.3447,0.26871,-0.08072,-0.35477,0.063325,-0.0038148,-0.00045777,0.070039
0.26749,0.39963,0.0032044,-0.074922,0.1323,0.02121,0.02945,0.17136
-0.045624,0.16983,-0.022431,-0.032197,0.13504,0.055085,0.064546,0.12528
-0.12985,0.036469,0.014191,-0.14694,0.31662,0.074617,0.061799,0.045014
-0.051728,0.20798,-0.019684,-0.20554,0.21683,0.095674,0.062409,0.016632
-0.048371,0.16831,-0.067903,-0.28305,0.071565,0.048371,0.018769,0.022126
-0.14328,0.0096132,-0.045014,-0.17075,-0.039521,0.0077821,0.0019837,-0.009308
-0.13565,-0.082856,-0.052338,0.018769,-0.076753,0.0047303,0.020294,-0.041047
-0.23056,-0.026703,-0.075837,-0.15274,-0.016632,0.032807,0.029755,-0.0096132
-0.23148,-0.0080873,-0.082246,-0.44266,-0.093233,-0.012665,-0.0065614,-0.030671
0.059052,0.32639,-0.15732,-0.52232,-0.12833,-0.042267,-0.045319,-0.059968
-0.26169,0.10575,-0.12619,-0.47013,-0.3032,-0.086213,-0.063325,-0.0090028
-0.25772,0.093843,-0.056001,0.3508,-0.2327,-0.14908,-0.10117,-0.093843
0.12467,-0.0099184,-0.11032,0.60197,0.033417,-0.053864,-0.0206,-0.12192
0.34226,-0.53849,-0.052949,-0.12375,0.050202,0.057221,0.039826,0.031586
0.41459,-0.22843,-0.059052,-0.043183,0.0010681,0.059663,0.071565,0.14908
0.34531,-0.041962,-0.058442,-0.14206,0.075227,0.039521,0.063935,0.17472
-0.028534,-0.097505,-0.03006,-0.18906,0.061494,0.059358,0.033722,0.13077
-0.33158,-0.0013733,0.024567,-0.168,0.11307,0.04654,0.026093,0.0099184
-0.17868,-0.15396,0.0383,-0.056916,0.28519,0.055695,0.027924,-0.07187
-0.088045,0.065156,-0.034638,-0.23697,0.2977,0.074617,0.071565,-0.016632
-0.02945,-0.023957,-0.052033,-0.28977,0.11063,0.059663,0.05417,0.036774
0.038911,0.033417,-0.10147,-0.21897,0.015717,0.021515,0.018158,0.017243
0.094453,0.26261,-0.051728,0.26841,-0.053864,-0.025483,-0.028229,-0.023651
0.0035096,0.46189,-0.033112,-0.24979,0.010529,0.0062562,0.014191,0.00045777
-0.045014,0.53727,-0.070344,-0.46006,-0.075837,0.012055,0.011139,-0.012055
-0.12039,-0.46403,-0.11643,-0.15946,-0.17166,0.0071717,-0.020294,-0.0383
-0.19944,-1.3814,-0.13535,-0.050202,-0.13931,-0.029145,-0.020294,-0.033112
-0.21683,-0.9807,-0.06424,-0.34348,-0.31205,-0.080415,-0.043793,-0.012055
-0.096284,0.037079,-0.086824,-0.013275,-0.19913,-0.10941,-0.067597,-0.0096132
0.062409,0.26078,-0.041047,-0.103,0.015106,-0.084688,0.00076295,-0.024262
0.035554,0.1503,-0.073091,-0.16312,0.099336,-0.0080873,0.041352,0.0068666
-0.068818,0.092012,-0.12375,-0.17288,0.051423,0.015412,-0.020905,0.024262
-0.24582,0.044099,-0.028229,-0.24979,0.032807,0.033112,-0.030976,-0.0056458
-0.21012,0.057221,-0.0077821,-0.15091,0.13077,0.040742,-0.020905,-0.069734
-0.1326,0.26444,0.0074769,0.17319,0.15671,0.002594,-0.056916,-0.13046
-0.065156,0.16129,-0.060578,0.14511,0.28916,0.06302,0.0077821,-0.032807
0.1091,0.13962,0.0019837,-0.15488,0.21775,0.15518,0.0795,0.043488
0.20737,0.017548,-0.021515,-0.26749,0.11032,0.10269,0.11307,0.081941
0.14389,-0.32151,-0.066682,-0.28122,-0.020294,0.073701,0.19577,0.15549
0.087434,-0.038911,-0.048676,-0.27146,-0.089876,-0.0062562,0.062104,0.15213
0.083772,0.21805,-0.045014,-0.39536,-0.070954,0.030365,0.02945,0.10178
-0.072786,-0.018463,-0.078889,-0.33066,-0.085908,-0.01297,0.014801,0.052033
-0.2269,-0.11551,-0.15518,-0.34592,-0.099336,-0.085603,-0.0206,-0.016632
