-0.020294,-0.058747,-0.16007,-0.38041,0.046845,-0.2739,-0.037079,-0.03769
-0.0028992,-0.074922,-0.0099184,-0.27787,0.011139,-0.33616,-0.019379,-0.038605
0.0065614,-0.0086976,-0.22507,-0.30381,-0.0028992,-0.60533,-0.023346,0.015106
-0.014191,-0.009308,-0.66514,-0.26932,0.044404,-0.32059,-0.0056458,0.023957
0.023957,0.23972,-0.15915,-0.34257,0.051423,-0.019379,0.0047303,0.010834
-0.030976,0.28733,0.23239,-0.23636,0.014801,0.052338,-0.010529,0.022126
-0.053559,-0.092012,0.65873,-0.1387,-0.010834,0.13931,0.0019837,0.0206
-0.0068666,0.12314,-0.0062562,-0.17594,0.022126,0.11856,-0.0056458,-0.02945
0.00076295,-0.04593,-0.46616,-0.079805,-0.009308,0.25132,0.032197,0.017853
-0.011139,-0.30747,-0.23758,-0.1561,0.014801,0.3624,0.027314,0.0050355
-0.024262,0.078279,-0.25193,-0.17075,0.0080873,0.59251,0.049592,0.039521
-0.10575,-0.22354,-0.0041199,-0.061799,-0.018769,0.47807,0.062104,0.02945
-0.11398,-0.72831,0.00015259,-0.06363,0.020905,0.18082,0.0090028,-0.06302
-0.056611,-0.40696,0.039521,-0.16098,0.016632,-0.03769,0.025788,-0.034333
-0.036469,-0.035554,-0.088655,-0.15152,-0.0047303,-0.15152,0.033112,0.0090028
-0.042878,0.20981,-0.1091,-0.13474,-0.0053407,-0.10361,0.005951,0.0010681
-0.039521,0.21439,-0.13901,-0.12802,0.0080873,-0.23209,-0.017243,-0.016327
-0.0071717,0.08957,0.009308,-0.11765,0.029755,-0.29252,-0.029755,-0.011139
-0.0010681,0.057221,-0.11093,-0.099336,0.037079,-0.44877,-0.032502,0.0050355
-0.00045777,-0.064851,-0.06302,-0.14694,0.027619,-0.55436,-0.051423,0.0077821
0.023957,-0.10025,0.4741,-0.14572,0.020905,-0.20066,-0.040436,0.019379
0.060273,0.02182,-0.16495,-0.24216,0.024872,-0.013581,-0.019074,0.043488
0.062104,0.098421,-0.20218,-0.14359,0.019074,0.11795,-0.0053407,0.081941
0.063935,0.093538,-0.066377,-0.11673,0.0086976,0.12863,0.042878,0.081941
0.002594,0.11795,-0.06424,-0.099031,0.019379,0.18326,0.051423,0.103
-0.01297,0.12741,-0.32761,-0.093233,-0.0074769,0.31662,0.045014,0.082246
-0.028534,-0.092317,-0.16464,-0.011444,-0.019074,0.39475,0.070344,0.052033
-0.06302,-0.35416,0.13474,-0.022736,-0.022431,0.65476,0.0795,0.039521
-0.069734,-0.39658,0.50889,-0.19608,-0.016938,0.36545,0.041352,-0.014191
-0.066072,-0.15579,0.059663,-0.2092,-0.013275,0.08835,0.013581,-0.043183
-0.076753,-0.015412,-0.4213,-0.26749,-0.010834,-0.07126,0.0010681,-0.040742
-0.055695,0.096284,-0.30014,0.036164,0.031891,-0.14664,-0.0056458,-0.033112
-0.084993,0.082246,-0.10544,-0.041657,0.044099,-0.15854,-0.00045777,-0.020905
-0.026703,0.047456,0.12497,-0.32731,0.010529,-0.27939,-0.0041199,-0.023346
-0.053864,0.2501,0.066072,-0.29862,-0.01236,-0.28855,-0.011139,0.0028992
0.016938,0.35813,-0.19547,-0.22995,0.0032044,-0.55528,-0.044404,-0.024872
0.02945,0.072175,-0.032197,-0.16739,0.041352,-0.45945,-0.051118,-0.029755
0.0086976,-0.16892,-0.27634,-0.11734,0.065461,-0.12192,-0.035859,0.023346
-0.0065614,-0.40421,-0.48142,-0.099336,0.042878,0.03006,-0.035859,-0.0050355
-0.075532,-0.50248,-0.14542,-0.059358,0.010529,0.13352,0.018769,0.025788
-0.028534,0.14786,0.0022889,-0.11582,0.015412,0.08835,0.021515,0.014801
-0.0062562,0.40055,-0.21897,-0.090791,-0.0019837,0.23758,0.022126,0.011139
-0.056611,0.21042,0.1677,-0.051118,-0.018769,0.327,0.060578,0.053864
-0.045319,-0.005951,0.13443,-0.050813,0.013581,0.5275,0.039521,-0.0090028
-0.098116,-0.58305,0.39475,-0.065156,0.0016785,0.56657,0.061189,-0.0022889
-0.060578,-0.61295,0.03006,-0.094453,-0.049897,0.23575,0.10636,0.0068666
-0.022431,0.17319,0.085908,-0.14908,-0.016327,0.057221,0.051118,-0.015412
-0.023041,0.11521,-0.11612,-0.16526,-0.013275,-0.13138,0.039826,0.019074
-0.0032044,0.014496,-0.31113,-0.2153,-0.0032044,-0.12863,0.015717,0.0013733
-0.0086976,-0.44236,0.023957,-0.16495,0.0090028,-0.16983,-0.017243,0.0099184
-0.018463,-0.40452,0.11521,-0.12192,0.0090028,-0.31174,0.022126,0.026703
-0.018769,0.18387,0.10422,-0.13169,0.019379,-0.34165,0.025177,0.0071717
-0.048981,0.32792,-0.16281,-0.08835,0.031891,-0.59861,-0.030671,-0.0035096
-0.033112,0.31754,-0.67857,-0.18021,0.065766,-0.34592,-0.049287,-0.03769
-0.012055,0.28458,-0.30961,-0.10361,0.077668,-0.056611,-0.0383,-0.035554
-0.01236,-0.070344,-0.45396,-0.20615,0.027924,0.048371,-0.0047303,0.0065614
-0.020905,-0.17746,-0.20584,-0.24155,-0.00045777,0.16526,0.024262,0.025788
-0.10178,-0.24094,0.90867,-0.061494,0.014801,0.12497,0.030365,0.039826
-0.068208,-0.32181,0.49973,-0.086519,0.011444,0.26658,0.033722,0.040131
0.00045777,0.049592,-0.065766,-0.098726,0.023957,0.36301,0.011444,0.00076295
0.031586,0.14267,-0.25315,-0.0206,-0.016938,0.63584,0.033417,0.04593
-0.0022889,0.056611,-0.32883,-0.026093,-0.015106,0.48356,0.049897,0.035554
-0.023041,-0.074006,-0.24765,-0.11154,-0.0010681,0.15122,0.056611,0.028229
-0.021515,0.12589,-0.18784,-0.121,-0.01297,-0.047761,0.039826,0.014191
0.0013733,0.35386,-0.095369,-0.10361,-0.010529,-0.16098,0.019074,0.012055
-0.04593,0.016632,0.48997,-0.098726,-0.0010681,-0.13413,0.02945,0.025483
-0.021515,-0.29191,0.073091,-0.13321,-0.010224,-0.2211,0.0032044,0.013275
-0.0206,-0.30747,-0.010834,-0.21622,0.019074,-0.23667,-0.034333,-0.017548
-0.049287,-0.26169,-0.084382,-0.60807,0.0010681,-0.46098,-0.040436,0.016938
-0.019684,-0.24826,-0.19272,-0.68193,0.0028992,-0.52903,-0.053254,-0.0041199
-0.0074769,-0.028229,-0.28428,-0.35538,0.0090028,-0.20706,-0.020905,0.0053407
0.013581,0.036164,-0.28824,-0.0032044,0.0068666,-0.019989,0.009308,0.043183
-0.016327,-0.049592,0.15122,0.6627,-0.0053407,0.12985,0.002594,0.0383
0.014801,0.12192,0.10056,0.55131,0.032197,0.1091,0.034943,0.033722
-0.072786,0.04654,-0.21683,-0.25681,0.05539,0.16892,0.010529,0.017853
-0.071565,-0.040742,0.075227,-0.28367,-0.01236,0.33433,0.020294,-0.014801
-0.010224,-0.041962,0.047456,-0.21378,-0.016938,0.38651,0.017853,-0.016938
0.042878,-0.22263,-0.048981,-0.14755,0.0038148,0.62058,0.047761,0.023041
-0.064546,-0.14237,-0.35599,-0.15488,-0.02121,0.35996,0.063325,0.027008
-0.087739,0.024262,-0.11673,-0.15854,0.0028992,0.103,0.039216,-0.0013733
-0.10147,0.075532,-0.01236,-0.1561,0.005951,-0.062409,0.027314,-0.010224
-0.0028992,0.24338,-0.034333,-0.16281,0.00076295,-0.14298,-0.022736,-0.031586
-0.04593,-0.10086,-0.20279,-0.15915,0.021515,-0.15579,-0.009308,0.0077821
0.057221,-0.061494,-0.042878,-0.16281,0.021515,-0.28061,-0.039826,-0.021515
0.056611,0.085298,-0.0056458,-0.1561,0.017243,-0.31296,-0.052033,-0.0096132
-0.076143,-0.031586,-0.25071,-0.22171,0.036164,-0.55253,-0.026703,0.025177
-0.052033,-0.056001,0.45121,-0.085603,0.036164,-0.44877,-0.037385,-0.010529
-0.033112,-0.065766,-0.15763,-0.096284,0.039826,-0.12406,-0.018158,0.014191
0.052033,-0.052644,-0.039826,0.020905,0.052338,0.049287,0.013275,0.039216
-0.0056458,-0.103,-0.068513,-0.22904,0.019379,0.14694,0.023651,0.041657
-0.044404,-0.056001,-0.16098,-0.32792,-0.01236,0.093538,0.047761,0.049897
-0.041352,0.15671,-0.099336,-0.073396,-0.011139,0.2388,0.052338,0.022736
-0.017548,0.23972,-0.093538,-0.1033,0.0035096,0.31662,0.019379,0.015717
-0.022431,0.07126,-0.092927,-0.050813,0.013275,0.52384,0.055085,0.034028
-0.049287,-0.19883,-0.025483,-0.099336,-0.020294,0.59434,0.083772,0.044404
-0.056916,-0.37034,0.009308,-0.12467,-0.031586,0.2443,0.052338,0.0096132
-0.052033,-0.34195,-0.011749,-0.11765,-0.0383,0.028229,0.0010681,-0.034943
-0.015412,-0.036774,-0.06302,-0.10971,-0.01297,-0.11765,0.0096132,-0.017243
-0.0050355,-0.051728,-0.02884,-0.14267,0.026093,-0.16159,0.015412,0.014191
-0.016632,-0.0383,-0.24949,-0.14481,0.0035096,-0.17868,-0.0056458,0.027619
-0.019684,-0.103,-0.17563,-0.15091,0.012055,-0.28153,-0.0022889,0.02945
0.011749,0.16037,-0.12619,-0.18997,0.039216,-0.34287,-0.027008,0.014191
0.011749,0.34043,0.052644,-0.18112,0.0071717,-0.61753,-0.048676,0.014191
-0.027008,-0.005951,0.39292,-0.15213,0.017853,-0.31968,-0.027314,0.027924
-0.024567,-0.28305,0.45853,-0.070344,0.048371,-0.040131,-0.028534,0.024872
-0.087739,-0.13169,-0.29252,-0.025483,0.051728,0.060578,-0.010834,0.042267
-0.081941,0.048371,-0.66239,0.027314,0.053559,0.17197,0.005951,0.0206
-0.018463,0.24247,-0.21592,-0.16983,0.088655,0.12375,-0.012055,-0.041657
0.043793,0.35996,-0.1445,-0.2501,0.012665,0.2681,0.037079,-0.026398
0.072786,0.3505,-0.34379,-0.24399,-0.015717,0.33646,0.050202,0.0086976
0.076753,0.31479,-0.16495,-0.23239,-0.0019837,0.62028,0.063935,0.033112
-0.014191,-0.092622,0.050507,-0.103,-0.019379,0.46098,0.063325,0.045014
-0.10025,-0.34745,0.10483,-0.0206,-0.017548,0.13535,0.059358,0.027619
-0.089265,-0.52506,0.40299,-0.051728,0.0099184,0.018463,0.018158,-0.026398
-0.10513,-1.0283,0.18479,-0.15457,0.0016785,-0.1442,0.0016785,-0.01297
-0.059358,-0.47868,0.13016,-0.23911,0.014191,-0.1445,0.0071717,-0.015106
-0.036469,-0.030365,-0.080415,-0.13748,-0.029145,-0.27329,0.023651,0.023346
-0.0019837,0.08957,-0.15,-0.14389,0.0041199,-0.3035,-0.0090028,0.016632
-0.01236,0.099336,-0.18143,-0.091096,0.027008,-0.43381,-0.032807,0.011139
-0.031586,0.11185,-0.080415,-0.099947,0.019074,-0.54337,-0.033417,0.017548
-0.036774,0.11521,-0.085298,-0.18082,0.044099,-0.2153,-0.024567,-0.0035096
0.013581,0.28916,-0.13535,-0.18387,0.025177,0.0206,-0.033417,0.0068666
0.0086976,0.36973,-0.3447,-0.16983,-0.00045777,0.11856,-0.00045777,0.036164
-0.027314,0.18387,-0.12345,-0.09781,0.0090028,0.095674,-0.0013733,0.030976
-0.025177,0.0083925,-0.012055,-0.080415,0.019074,0.18509,0.0099184,-0.014191
-0.039521,-0.31083,0.17044,-0.12497,0.0090028,0.32914,0.053864,0.0071717
-0.038605,-0.57359,-0.048981,-0.25772,-0.01236,0.4213,0.049287,0.002594
-0.0383,-0.30564,0.002594,-0.16587,-0.057527,0.61692,0.066072,0.013886
-0.031586,-0.051728,0.17868,-0.021515,-0.03769,0.33921,0.059968,-0.0010681
-0.020294,0.20737,-0.054475,-0.016938,-0.0013733,0.075227,0.035248,-0.0080873
-0.014801,0.30655,-0.23758,-0.058747,0.009308,-0.039216,0.019379,0.016938
-0.01297,0.019379,-0.45518,-0.052338,0.0035096,-0.16068,0.0074769,0.009308
-0.014191,-0.18479,-0.23453,-0.20676,-0.0090028,-0.13748,-0.0053407,0.009308
-0.009308,-0.18235,-0.090181,-0.24796,0.014801,-0.29343,-0.016938,-0.0041199
-0.072786,0.044404,0.44236,-0.16281,-0.0035096,-0.32456,-0.025177,-0.0080873
-0.019074,0.26017,0.0062562,-0.085603,0.030365,-0.55558,-0.031281,-0.040742
-0.026398,-0.033722,-0.15274,-0.0032044,0.040131,-0.4506,-0.042878,-0.022431
-0.0083925,-0.28763,0.085908,-0.15793,0.033112,-0.1088,-0.018463,0.0080873
-0.050813,-0.35843,0.0044251,-0.34012,0.045319,0.035248,-0.00076295,0.019684
-0.067903,-0.13352,-0.012055,-0.34195,-0.014496,0.13291,0.011139,0.037385
-0.02945,0.20127,-0.12894,-0.045319,0.017243,0.13199,-0.00076295,-0.0047303
-0.035248,0.13352,-0.37217,-0.030976,0.037385,0.22843,-0.0062562,-0.0206
-0.053559,0.067292,-0.36667,-0.32914,0.0032044,0.2916,0.039521,0.0077821
-0.025177,0.099336,-0.18387,-0.33036,0.017548,0.52018,0.02121,-0.0013733
-0.0053407,0.085908,0.086519,-0.21622,-0.022126,0.60197,0.066377,0.0053407
-0.017243,0.12222,0.1735,0.17411,-0.040436,0.24979,0.075532,0.032807
-0.019684,-0.057832,0.068513,0.3389,-0.0086976,-0.0022889,0.032197,0.034028
-0.0080873,-0.16342,0.19913,0.14176,0.0206,-0.1146,0.016022,0.02884
-0.050813,-0.37034,-0.11734,-0.16495,-0.0047303,-0.11948,0.0086976,0.027619
-0.040436,-0.19974,0.12711,-0.27146,-0.010529,-0.2034,-0.018463,0.014801
-0.00045777,0.40757,-0.017548,-0.25101,0.0016785,-0.28885,-0.036774,-0.0010681
-0.0068666,0.34165,-0.27146,-0.22477,-0.0096132,-0.35233,-0.030976,0.015412
-0.0022889,-0.014496,-0.22232,-0.1735,0.0065614,-0.58457,-0.041962,0.0099184
-0.044709,-0.58854,0.13474,-0.10483,0.025177,-0.31052,-0.031281,0.025177
-0.073091,-0.63401,-0.15335,-0.14298,0.0383,-0.048371,-0.015412,0.03006
-0.0053407,-0.11185,-0.098116,-0.14786,0.045014,0.080415,0.0068666,0.0206
0.005951,-0.01236,-0.1799,-0.15763,0.01297,0.1091,0.016632,0.033112
0.0074769,0.11978,-0.063935,-0.16068,0.013581,0.14115,0.015106,0.028229
0.0056458,0.10666,0.043793,-0.2858,0.011139,0.29221,0.025483,0.033112
0.02121,0.22995,-0.10208,-0.51225,0.0028992,0.33127,0.049287,0.03006
-0.069123,0.36271,-0.15091,-0.30808,-0.020294,0.61875,0.06363,0.031586
-0.055695,0.30442,-0.061799,-0.060578,-0.032502,0.4622,0.063935,0.0028992
-0.042573,0.14328,-0.054475,0.5156,-0.0068666,0.14786,0.044099,-0.015717
-0.036469,-0.168,0.16281,0.39811,0.039521,-0.0010681,0.026093,0.0047303
-0.053254,-0.3975,0.07126,-0.14359,0.029145,-0.14755,0.01297,-0.01297
-0.07187,-0.33066,-0.13748,-0.17685,-0.0068666,-0.11032,-0.011444,-0.020905
-0.044709,0.045319,0.0083925,-0.15671,0.028229,-0.23667,-0.023041,-0.045014
-0.0065614,-0.03769,-0.10422,-0.33433,0.044099,-0.2974,-0.029145,-0.033722
-0.012665,0.082551,-0.41733,-0.25559,0.0077821,-0.4744,-0.018769,0.0028992
0.076753,0.067903,-0.13382,-0.20127,0.028229,-0.54246,-0.04715,-0.002594
0.0056458,-0.12802,-0.097505,-0.15946,0.045319,-0.21256,-0.022431,0.0096132
-0.051728,-0.10361,-0.0053407,-0.14542,0.015106,-0.017243,0.017243,0.027314
-0.052949,-0.35477,0.32273,-0.11398,0.0016785,0.12284,-0.00015259,0.045624
-0.034333,-0.39658,0.044709,-0.19821,0.010834,0.12894,-0.0050355,0.014801
-0.044404,-0.048066,-0.12253,-0.1677,0.016022,0.17685,0.010529,0.015106
-0.0050355,0.2562,-0.43076,-0.20005,0.0028992,0.30198,0.041047,0.017243
0.044404,0.5388,-0.48173,-0.16892,0.0019837,0.36637,0.00045777,0.010529
-0.028534,0.15244,0.017548,-0.057527,-0.013275,0.64836,0.036164,0.048981
-0.045014,-0.27634,0.48722,-0.057221,-0.022736,0.35599,0.070649,0.035859
-0.081025,-0.57511,0.14939,0.013581,-0.028534,0.096895,0.055085,-0.0010681
-0.042878,-0.45548,-0.121,-0.13382,-0.0071717,-0.017243,0.032197,-0.00076295
-0.030976,-0.090791,0.14694,-0.10178,0.0206,-0.1622,0.011139,-0.011444
-0.020905,0.095979,-0.26322,-0.047761,0.0099184,-0.17777,0.0086976,-0.0047303
-0.035248,-0.044709,-0.087129,-0.081636,0.059663,-0.25559,-0.02945,-0.044709
-0.013275,0.02182,0.076143,-0.18296,0.041047,-0.28733,-0.030671,-0.034333
0.014191,0.12802,-0.1265,-0.22751,0.0096132,-0.57908,-0.019684,0.015717
-0.030671,0.31815,-0.064851,-0.22385,0.017243,-0.41794,-0.022431,0.051423
-0.10239,0.035554,-0.15702,-0.16251,0.039521,-0.12497,-0.021515,0.0071717
-0.049897,-0.28397,-0.24613,-0.27787,0.016938,0.032197,-0.012055,-0.010224
0.019074,-0.049897,-0.12833,-0.29618,-0.038605,0.12192,0.016938,0.023957
0.041962,0.17746,-0.1387,-0.10971,-0.047456,0.075227,0.051423,0.0383
-0.051423,0.10178,-0.078279,0.010834,0.022736,0.26749,0.034333,0.021515
-0.012665,0.0013733,-0.002594,-0.012665,0.083772,0.32792,0.025483,0.022736
0.04715,0.040131,-0.19211,-0.25772,0.025177,0.55253,0.016022,0.014801
0.011139,-0.038911,-0.21714,-0.24094,-0.073091,0.56168,0.073396,0.066682
-0.03769,-0.16037,0.55375,-0.013581,-0.047761,0.20798,0.048066,0.046235
-0.063935,-0.092317,0.18936,0.074922,0.0038148,0.034028,0.0050355,0.009308
-0.037385,0.030671,0.13718,0.012665,0.04593,-0.12161,0.0010681,-0.049287
0.0010681,0.027619,-0.24002,0.0086976,0.037385,-0.13291,-0.011444,-0.025177
-0.020905,0.016022,-0.58396,-0.24643,0.0053407,-0.20584,-0.00045777,-0.0074769
-0.067903,-0.08072,-0.22904,-0.24399,-0.015412,-0.29587,-0.0056458,0.0090028
-0.083772,-0.25467,0.44083,-0.063325,-0.0068666,-0.36698,-0.0068666,0.011749
-0.056001,-0.35782,0.6157,-0.01236,0.052949,-0.60319,-0.024872,-0.0080873
-0.002594,-0.090181,-0.023651,-0.069123,0.042878,-0.28794,-0.028534,0.0019837
0.013581,0.066072,-0.37919,-0.32853,-0.0047303,-0.059052,0.02121,0.040131
-0.01236,0.082246,-0.43534,-0.34958,-0.01236,0.10086,0.018158,0.061189
-0.069429,0.22385,-0.24796,-0.23117,-0.010529,0.10452,0.0065614,0.021515
-0.048981,0.12741,-0.14969,-0.12863,0.012055,0.13657,-0.0080873,-0.039521
-0.0047303,0.12772,-0.03006,-0.093233,0.042878,0.30808,0.0038148,-0.05539
-0.018769,0.037079,-0.027924,-0.13565,0.0086976,0.30472,0.028229,0.00076295
-0.038605,-0.14633,0.041047,-0.12161,-0.0013733,0.62608,0.054475,0.024872
-0.04715,-0.24247,-0.15,-0.084688,-0.0013733,0.4506,0.075837,0.026093
-0.033112,-0.070039,-0.23972,-0.042573,-0.0056458,0.16983,0.055695,0.015717
-0.0062562,-0.041352,-0.031891,-0.056916,0.0065614,-0.042878,0.019074,-0.015717
-0.0010681,-0.048066,-0.11978,-0.15366,-0.015412,-0.15427,-0.014191,-0.017243
0.0047303,0.002594,-0.24521,-0.25345,-0.015717,-0.12619,-0.012665,0.023651
-0.04593,-0.11398,0.48661,-0.18326,-0.0074769,-0.2504,-0.010529,0.032197
-0.024262,-0.083772,0.32151,-0.050202,0.0099184,-0.28305,-0.033417,-0.010834
-0.0047303,-0.009308,-0.10636,-0.093843,0.036774,-0.45884,-0.02884,-0.020294
-0.017548,0.015106,-0.11337,-0.12985,0.03769,-0.5452,-0.028229,-0.0032044
-0.034638,0.058137,-0.34592,-0.32181,0.030365,-0.18387,-0.033722,-0.00045777
0.019684,0.2742,-0.28061,-0.26444,-0.0022889,-0.0068666,0.023041,0.032807
0.02121,0.48386,-0.092317,-0.15061,-0.012665,0.09781,0.02945,0.043488
-0.0028992,0.25162,0.17288,-0.083467,0.026703,0.10971,0.039521,0.052949
-0.065766,-0.26413,-0.0016785,0.023346,0.010834,0.16983,0.021515,0.037995
-0.093843,-0.6807,-0.29984,-0.049592,0.03006,0.33127,0.013886,-0.00045777
-0.038911,-0.70268,-0.35233,-0.15946,0.035554,0.44877,0.027314,-0.026703
-0.0050355,-0.10391,0.10544,-0.12161,-0.023041,0.62821,0.071565,-0.009308
-0.065461,-0.1384,0.13657,-0.096895,-0.045014,0.29221,0.062409,0.032197
-0.059358,-0.10788,0.15702,-0.13535,-0.014801,0.10391,0.015412,-0.0068666
-0.0074769,-0.024262,-0.24155,-0.13352,0.0077821,-0.055695,0.0071717,-0.029755
-0.016938,-0.082246,-0.34501,-0.20584,-0.010529,-0.15,0.011444,0.019379
-0.047456,-0.079805,-0.0047303,-0.29374,-0.020905,-0.1503,0.015412,0.034028
-0.059663,0.0795,0.33829,-0.52049,-0.012665,-0.28794,-0.030365,0.0096132
-0.013275,0.23362,0.26413,-0.19577,-0.017548,-0.27237,-0.02884,-0.029145
0.0086976,0.29923,-0.19547,0.11002,0.046845,-0.5977,-0.04654,-0.028229
0.0035096,0.22324,-0.11063,0.34073,0.050507,-0.46616,-0.036469,0.01297
0.005951,-0.20462,0.11612,0.40391,0.049287,-0.12436,-0.0019837,0.0065614
-0.035554,-0.24002,-0.34531,-0.23178,0.0383,0.042267,0.026093,0.0383
-0.0383,-0.28763,-0.37888,-0.71702,-0.0056458,0.14908,0.019989,0.045624
-0.017243,-0.10758,-0.052949,-0.7451,-0.0086976,0.12802,0.00045777,0.022736
-0.02121,0.14542,-0.0035096,-0.34775,-0.023041,0.23606,0.036774,0.03769
-0.063325,0.059663,0.20859,0.24247,-0.018769,0.30869,0.051118,0.047456
-0.095979,-0.21775,0.35508,0.80674,0.032197,0.53819,0.027924,0.030365
-0.11551,-0.17136,0.0047303,0.33402,0.069123,0.60563,0.039826,-0.0065614
0.005951,0.11032,-0.60899,-0.29862,0.029145,0.22843,0.020294,-0.050507
0.083772,0.20829,-0.16007,-0.42832,-0.026398,0.027924,-0.00015259,-0.052949
-0.0013733,0.28519,-0.16739,-0.28153,-0.015106,-0.11551,-0.019684,-0.038605
-0.014496,0.262,-0.27237,-0.12039,-0.029755,-0.14298,-0.0206,-0.010834
-0.072175,-0.22843,-0.084688,-0.078889,-0.0053407,-0.20127,-0.014801,0.0077821
-0.02121,-0.46494,0.16464,-0.24308,0.027619,-0.29953,-0.011444,0.0035096
0.016938,0.014191,0.1503,-0.24399,0.025177,-0.3508,-0.009308,0.015717
0.0071717,0.23636,0.17899,-0.16739,0.0065614,-0.6392,-0.021515,0.033722
-0.00015259,0.15244,-0.44053,-0.15732,0.030976,-0.30167,-0.0383,0.041962
-0.013275,-0.023651,-0.18936,-0.053254,0.0074769,-0.034943,-0.033417,0.049897
-0.040742,-0.37766,0.11002,-0.043488,0.0086976,0.055695,-0.0056458,0.041352
-0.02945,-0.31449,-0.21622,-0.14908,0.039216,0.12131,0.0086976,0.019684
-0.038605,-0.07187,0.58427,-0.18662,0.039216,0.17929,-0.0071717,0.0053407
-0.072175,-0.085908,0.092622,-0.24887,0.032807,0.28794,0.019074,0.0056458
-0.060578,-0.20401,-0.11215,-0.2443,0.0074769,0.35752,0.066682,0.025483
-0.054475,-0.089876,-0.16403,-0.099031,-0.034943,0.62699,0.077363,-0.0019837
-0.054475,-0.1442,-0.13748,-0.090486,-0.0074769,0.4155,0.063325,-0.015412
-0.027314,-0.036774,-0.18387,-0.083467,-0.0056458,0.14298,0.041962,-0.018769
-0.016327,0.13046,-0.14359,-0.066682,0.0090028,-0.034333,0.032807,-0.015106
-0.012665,0.1384,-0.020905,-0.11582,0.0050355,-0.16281,0.018769,-0.010834
-0.0068666,0.15824,-0.10819,-0.13291,0.0032044,-0.12833,0.0010681,-0.00015259
-0.027619,-0.030671,-0.11063,-0.24125,-0.0022889,-0.2565,0.015412,0.013886
-0.042878,-0.1503,-0.089265,-0.075837,0.0090028,-0.27298,0.009308,0.0080873
-0.015717,-0.058442,0.12741,-0.11307,0.023651,-0.44816,0.0056458,0.0056458
0.031281,0.28916,-0.059968,-0.18967,0.013275,-0.54337,-0.043793,-0.0053407
0.011749,0.4683,-0.37461,-0.22995,0.0099184,-0.19944,-0.033722,0.045319
0.14206,0.25467,-0.19974,-0.21775,0.022736,0.0044251,-0.027008,0.031586
0.027314,-0.14755,0.0080873,-0.090791,-0.0062562,0.15824,0.013581,0.063935
-0.08896,-0.33799,-0.036774,-0.11582,0.031281,0.11368,0.030365,0.058137
-0.017243,0.15915,-0.043793,-0.10483,0.045014,0.15671,0.024872,0.02121
-0.027619,-0.056306,0.19852,-0.047761,0.0032044,0.29862,0.067597,0.065461
-0.050507,-0.2266,-0.24735,-0.02884,0.013886,0.45884,0.068208,0.053254
-0.073701,-0.33341,-0.16098,-0.0096132,0.018158,0.67643,0.071565,0.010834
-0.10391,-0.6041,0.16159,-0.028534,-0.0022889,0.30838,0.053864,-0.016327
-0.098421,-0.35874,-0.23392,-0.17899,0.013275,0.078584,0.00045777,-0.043488
-0.061189,-0.095674,-0.073091,-0.32242,-0.012665,-0.075532,-0.011444,-0.045624
-0.031586,0.18051,0.10941,-0.18814,-0.032197,-0.16861,-0.019074,-0.026703
-0.035554,0.077668,0.21134,-0.050507,-0.019074,-0.14603,-0.023651,-0.0074769
0.0050355,-0.13748,-0.27787,-0.044404,-0.0096132,-0.26932,-0.013275,-0.0010681
0.005951,-0.2385,-0.12558,-0.044099,0.022736,-0.30289,-0.014496,0.0096132
-0.032502,-0.08072,0.024262,-0.069734,0.031586,-0.54429,-0.023346,0.0019837
-0.026703,0.010529,-0.002594,-0.21744,0.052949,-0.42466,-0.048371,-0.0035096
-0.019379,0.094453,-0.020294,-0.33555,0.02121,-0.12406,0.0056458,0.019379
-0.063325,0.075532,-0.121,-0.33127,-0.012665,0.039521,0.032197,0.0028992
-0.034333,0.12345,-0.046235,-0.1326,-0.02121,0.1268,-0.0047303,-0.02121
0.0038148,0.055695,-0.032502,-0.12497,0.019989,0.10971,0.027619,0.01297
0.0016785,0.14755,-0.036469,-0.12436,0.044099,0.23819,0.033112,0.047761
-0.043488,0.17655,-0.14694,0.0065614,0.0010681,0.28794,0.029755,0.034028
0.005951,0.15976,-0.20035,-0.070954,-0.00076295,0.54704,0.059663,0.013886
-0.010834,-0.016327,-0.0086976,-0.0972,-0.025788,0.57969,0.088045,0.02182
-0.022431,-0.15549,-0.40299,-0.066987,-0.020905,0.21042,0.069429,0.017548
-0.07126,-0.17594,0.29282,-0.050507,0.0050355,0.025177,0.035859,0.017243
-0.043488,-0.20493,0.13535,-0.14664,0.023651,-0.10361,0.019989,0.0019837
-0.021515,-0.10422,-0.10239,-0.22538,-0.0028992,-0.15427,0.0086976,-0.00045777
-0.0096132,-0.027924,-0.090486,-0.16922,-0.039216,-0.21256,0.016938,0.043488
-0.01297,0.0077821,-0.049287,-0.15671,0.011749,-0.28153,-0.0090028,0.036164
0.013275,0.065156,-0.049897,-0.13077,0.020905,-0.34226,-0.015412,0.010529
0.0016785,0.017243,-0.25162,-0.068818,0.025483,-0.62638,-0.047761,-0.0096132
-0.009308,0.031586,-0.35508,-0.12253,0.05539,-0.31205,-0.069429,-0.0050355
-0.040742,-0.013886,-0.26658,-0.16892,0.031891,-0.059052,-0.034333,-0.010529
-0.022431,-0.015412,0.2089,-0.18662,0.017243,0.084688,0.005951,-0.0035096
-0.059968,0.080415,0.25834,-0.14542,0.023041,0.13352,0.017853,0.015106
0.0047303,0.079805,0.44053,-0.27146,0.010529,0.14206,0.011749,-0.00076295
-0.028534,-0.19089,0.059663,-0.031281,-0.0044251,0.29648,0.026093,0.00076295
-0.0062562,-0.2681,0.047761,-0.030365,-0.002594,0.35874,0.039521,0.035859
-0.030365,-0.22049,-0.19303,-0.094759,0.02121,0.64469,0.059052,0.017548
-0.093233,-0.31846,-0.26444,-0.47623,-0.009308,0.42863,0.08072,0.011749
-0.083467,-0.086824,-0.15976,-0.33005,-0.0022889,0.14817,0.037385,-0.038605
-0.022736,0.16464,-0.76188,-0.090486,-0.0086976,-0.021515,0.0090028,-0.034333
-0.0053407,0.083772,0.22385,0.22538,0.02884,-0.13779,0.009308,-0.024567
-0.051728,-0.02182,0.16861,0.44053,0.023957,-0.14664,0.009308,0.00045777
-0.046845,-0.26993,0.3444,-0.075532,0.03006,-0.24765,0.00076295,-0.01297
-0.04593,-0.1857,-0.038911,-0.40543,0.015106,-0.26932,-0.012055,-0.015412
-0.035554,0.41489,-0.39292,-0.2501,-0.0019837,-0.486,-0.022431,-0.0071717
-0.045014,0.3508,-0.13535,-0.081331,0.013886,-0.54063,-0.0383,0.014191
0.039826,0.26383,-0.20005,-0.045319,0.044099,-0.18296,-0.032807,0.031586
0.041352,0.069123,-0.058442,-0.14755,0.025483,0.010834,0.002594,0.062409
-0.033722,-0.73625,-0.10544,-0.16617,0.010529,0.14359,0.024262,0.085908
0.011139,-0.39231,-0.13291,-0.23026,0.039826,0.13382,0.023651,0.046845
-0.0035096,0.016327,-0.25071,-0.21347,0.0016785,0.15946,0.058137,0.085298
-0.0090028,0.18601,-0.076143,-0.25986,-0.016938,0.30808,0.070649,0.070039
-0.0013733,0.1265,0.085908,-0.24552,-0.0044251,0.43992,0.023041,0.02945
-0.010834,0.3505,0.40146,0.0086976,-0.029755,0.65812,0.039216,0.024872
-0.034638,0.14878,0.048371,0.11185,-0.018463,0.32975,0.050202,0.011139
-0.052949,-0.15763,-0.3917,-0.062715,0.0206,0.071565,0.017853,-0.010529
-0.086213,-0.53483,-0.38315,-0.13291,0.0053407,-0.079194,0.0080873,-0.012055
-0.094453,-0.86625,0.28275,-0.2504,0.0032044,-0.14878,-0.0041199,-0.037385
-0.041657,0.011139,0.41703,-0.63371,0.034943,-0.14054,-0.037385,-0.063325
0.04654,0.48142,-0.10513,-0.47044,-0.017548,-0.34562,-0.044404,-0.030976
0.05539,0.31083,-0.15488,-0.2034,-0.012055,-0.29404,0.0013733,0.011444
-0.064546,-0.059663,-0.068513,0.27695,0.0028992,-0.57053,-0.0044251,0.025483
-0.052949,-0.15579,-0.099031,0.54917,0.011139,-0.43046,-0.030671,0.00076295
-0.014801,-0.13413,-0.082246,-0.049592,0.063325,-0.099641,-0.016632,-0.014191
-0.04593,0.03769,-0.14969,-0.20127,0.0053407,0.020905,0.017548,0.036164
-0.026703,-0.05417,-0.14267,-0.13535,0.031281,0.16587,0.027314,0.014801
-0.012055,-0.041657,-0.31357,-0.21592,0.036164,0.10971,0.026703,0.019989
-0.022431,-0.014496,0.12436,-0.2034,0.0074769,0.25437,0.025177,0.019379
-0.015717,0.15061,0.032807,-0.23545,0.012665,0.30411,0.011749,0.00076295
-0.044404,-0.02945,-0.42466,-0.15518,0.0068666,0.52354,0.04654,0.03006
-0.034943,-0.33158,0.12406,-0.048676,0.0096132,0.58335,0.062104,0.013886
-0.043183,-0.374,0.0086976,-0.17685,0.02121,0.21164,0.019379,-0.014801
-0.0047303,-0.13291,-0.049897,0.043793,-0.022736,0.011444,0.025177,-0.0032044
-0.015106,0.016327,-0.053864,-0.036774,-0.014191,-0.12619,0.018158,0.011444
-0.022126,0.20829,0.029755,-0.077058,0.019684,-0.13382,-0.0086976,-0.019684
0.00045777,-0.00076295,0.13046,-0.11337,-0.0083925,-0.19577,0.0019837,-0.0080873
-0.033417,0.032502,-0.15885,-0.44663,0.0099184,-0.29679,0.019379,0.019989
-0.033112,0.092012,-0.20981,-0.46983,-0.0047303,-0.36149,-0.020294,0.010529
-0.048676,-0.0035096,-0.033112,-0.17716,-0.035859,-0.59495,-0.065156,-0.0041199
-0.017243,0.11215,-0.00076295,-0.043183,0.0096132,-0.27451,-0.016938,0.010834
-0.00015259,0.091402,-0.12558,-0.12589,0.059052,-0.030976,-0.010834,0.012055
0.0013733,0.13809,-0.14054,-0.045319,0.044099,0.094759,0.002594,0.039216
-0.042878,0.11643,0.0044251,-0.02121,0.041047,0.14664,-0.015412,0.017853
-0.048371,-0.06424,0.064546,-0.017548,0.048066,0.1326,-0.0074769,0.009308
-0.0053407,-0.0383,-0.1799,-0.22324,0.016022,0.27451,0.016632,0.0206
-0.057832,-0.24887,-0.30625,-0.32761,-0.041657,0.32334,0.073701,0.058442
-0.10941,-0.56077,0.27543,-0.024567,-0.073091,0.66484,0.070344,0.045014
-0.072786,-0.29221,-0.094453,-0.055695,0.017853,0.46738,0.025788,-0.048371
-0.038911,-0.0062562,-0.052949,-0.12528,0.033722,0.13901,0.030976,-0.043793
-0.0050355,-0.064546,0.10697,-0.1677,-0.0090028,-0.031281,0.030365,0.0050355
-0.0013733,-0.070649,0.13535,-0.10971,-0.0074769,-0.15427,0.00045777,0.010529
-0.030976,0.0099184,-0.016938,-0.14603,-0.011139,-0.11276,0.016938,0.026093
0.059968,0.14145,-0.37003,-0.088655,0.011139,-0.25315,0.02884,0.019074
0.018158,0.14817,-0.47715,-0.11185,0.037385,-0.27787,0.00076295,0.023346
-0.038911,0.039521,-0.26413,-0.11398,0.061189,-0.50095,-0.034333,-0.015106
-0.041962,0.087129,-0.10849,-0.18875,0.041352,-0.54612,-0.052644,-0.025483
0.005951,0.20188,-0.076448,-0.16587,0.017243,-0.19211,-0.022431,0.01297
0.059663,0.18051,0.049897,-0.16403,0.0206,0.0068666,0.024262,0.040131
0.01297,-0.034638,0.60655,-0.10575,0.03006,0.15213,0.026093,0.065766
-0.019074,-0.35782,0.28336,-0.062409,0.0096132,0.1088,0.032807,0.045319
-0.072175,-0.40604,-0.088045,-0.092622,0.013275,0.21561,0.027619,0.051118
-0.072175,-0.121,-0.34073,-0.14939,0.010834,0.27359,0.042267,0.027924
-0.040436,0.002594,-0.12985,-0.13382,-0.027619,0.42741,0.031281,0.0013733
-0.023346,0.0035096,-0.078279,-0.10147,-0.025788,0.64195,0.039826,0.02121
-0.0044251,0.017243,-0.085298,-0.11917,-0.018769,0.32639,0.038911,0.023651
-0.041352,-0.077363,-0.034638,-0.065156,-0.0068666,0.074617,0.019074,-0.009308
-0.055085,-0.15763,0.077974,-0.016327,0.005951,-0.085603,-0.0050355,-0.015717
-0.037079,-0.10544,-0.21134,-0.07126,0.022126,-0.15671,-0.0050355,-0.0035096
-0.04593,0.043793,-0.5568,-0.25437,0.020905,-0.1442,-0.0044251,-0.0019837
-0.042573,0.1854,-0.43717,-0.60288,0.027619,-0.27329,-0.023346,-0.0086976
-0.038605,0.10239,0.43565,-0.36606,0.01297,-0.29526,-0.039521,-0.014191
-0.0010681,0.14115,0.64927,-0.24735,0.011139,-0.59281,-0.056611,-0.042878
0.0086976,-0.013581,-0.026093,0.061494,0.0035096,-0.43198,-0.049592,-0.012665
0.020905,0.05539,-0.20798,0.41459,-0.016327,-0.091402,-0.011139,0.041047
0.011749,-0.058442,-0.26535,-0.11185,0.04593,0.033417,0.00076295,0.045319
-0.07126,-0.11887,-0.30747,-0.16464,0.016022,0.15122,0.019379,0.042267
-0.061799,-0.013581,-0.15366,-0.12161,-0.002594,0.12741,0.00045777,-0.01236
-0.025177,-0.17807,-0.19669,-0.16495,0.013581,0.2562,0.0038148,-0.025788
-0.019684,0.14817,0.028229,-0.095369,0.033722,0.29801,0.035554,0.010529
-0.014191,0.20768,-0.15152,-0.18387,0.016022,0.50187,0.062409,0.033417
-0.015412,-0.20554,-0.019074,-0.1619,-0.060883,0.59007,0.088045,0.023346
-0.037385,-0.28855,0.36667,-0.042573,-0.026703,0.2388,0.06424,0.032807
-0.045014,-0.52903,0.42344,-0.063325,0.023041,0.030365,0.02945,0.0096132
-0.055085,-0.53239,0.062715,-0.095064,0.010529,-0.10086,0.017548,-0.00045777
-0.077363,0.13016,-0.35843,-0.11917,-0.0032044,-0.15915,-0.00045777,0.0010681
-0.017548,0.094759,-0.41184,-0.19303,0.025483,-0.22232,-0.02884,-0.023041
-0.00076295,0.26078,0.030671,-0.17288,0.0065614,-0.26444,-0.030671,-0.029145
-0.0010681,0.40024,0.010224,-0.19669,0.013275,-0.35813,-0.013275,0.017853
-0.0383,-0.18387,-0.15488,-0.17166,0.024262,-0.60075,-0.041352,0.0090028
-0.0206,-0.35416,-0.22446,-0.18326,0.017853,-0.29465,-0.01297,0.002594
-0.024567,-0.015412,-0.28672,-0.10697,0.010529,-0.047761,0.0053407,0.049897
-0.0383,0.029755,0.30411,-0.068513,0.033112,0.099336,0.016022,0.050202
-0.012055,0.015106,0.023346,-0.14969,0.04593,0.1088,0.0047303,0.0053407
0.013886,0.009308,0.11429,-0.10391,0.025177,0.11551,-0.0032044,-0.0013733
-0.0065614,0.030671,-0.38773,-0.14786,0.015412,0.2916,0.020905,0.0056458
-0.025177,0.057527,-0.21317,-0.12497,0.0071717,0.3505,0.030976,0.00076295
-0.044404,0.033417,0.013886,-0.10147,-0.0074769,0.63859,0.048981,-0.00076295
-0.029755,-0.073701,0.18479,-0.10666,-0.0013733,0.44511,0.058137,-0.0056458
-0.010224,-0.10452,-0.053254,-0.18875,-0.0053407,0.12192,0.027008,-0.0074769
-0.00076295,-0.050202,-0.19699,-0.19364,-0.018463,-0.034943,0.022126,0.024872
-0.056916,-0.062104,-0.14267,-0.14542,-0.010529,-0.14206,0.015717,0.023957
-0.077058,-0.059358,-0.023957,-0.024262,0.0096132,-0.14237,-0.01297,-0.0090028
-0.13626,-0.2855,0.063935,0.0096132,0.022736,-0.25925,-0.01297,-0.0206
-0.081331,-0.19181,-0.098116,-0.16587,0.029755,-0.24338,-0.0090028,-0.027619
0.023651,0.011444,-0.15,-0.16464,0.0090028,-0.49119,-0.025788,-0.025483
0.092317,0.08957,0.30533,-0.1326,0.027314,-0.54856,-0.049287,0.013886
0.031281,0.057527,0.03006,-0.1387,0.017548,-0.18204,-0.031586,0.073396
0.018158,0.087434,-0.34104,-0.13687,0.0053407,0.00015259,0.016632,0.103
0.049592,0.11063,-0.1799,-0.43076,0.025177,0.11521,-0.0056458,0.069734
-0.061494,-0.14847,0.03769,-0.439,0.0035096,0.099031,-0.0013733,0.077363
-0.10544,0.07248,-0.035554,-0.22995,0.0065614,0.2034,0.023041,0.0383
-0.10788,0.1265,-0.103,-0.018158,0.0077821,0.30472,0.027008,-0.034638
-0.073091,-0.061494,-0.072175,0.25742,-0.023651,0.42954,0.041047,-0.042878
-0.055695,-0.086213,-0.052338,0.35172,-0.014801,0.64805,0.081331,-0.015412
0.043183,0.076143,-0.16648,-0.10849,-0.009308,0.31418,0.087739,0.00045777
-0.00076295,-0.069734,-0.0062562,-0.16983,0.013581,0.058747,0.040436,0.032807
0.025788,-0.121,-0.062715,-0.090791,-0.023651,-0.069429,0.039521,0.051423
0.026093,-0.088045,0.0022889,-0.20218,0.0038148,-0.13687,-0.0090028,0.013275
0.01297,0.079805,-0.22232,-0.26139,0.0056458,-0.14023,-0.017243,-0.009308
-0.023346,0.10605,-0.53666,-0.21134,-0.012055,-0.29587,0.015717,0.00045777
0.0038148,0.17929,-0.18112,-0.23514,0.02182,-0.26383,-0.021515,0.00076295
-0.0028992,0.2385,0.48722,-0.15274,0.030976,-0.59953,-0.055695,-0.016632
-0.030671,-0.018158,0.4329,-0.078279,0.019989,-0.4625,-0.047456,0.012665
-0.016632,-0.18631,-0.1268,-0.15061,0.068513,-0.074311,-0.048371,0.0016785
-0.04715,-0.29984,-0.055085,-0.070954,0.043488,0.040742,-0.0044251,0.024872
-0.042573,-0.45548,-0.092622,-0.060273,0.034028,0.11765,0.0090028,0.023957
-0.072786,-0.44175,-0.047761,-0.079194,0.037385,0.12284,0.012055,0.0096132
-0.054475,-0.2565,-0.08011,-0.14359,0.013275,0.24857,0.043793,0.019379
-0.039216,-0.071565,-0.08011,-0.22538,-0.0047303,0.3032,0.034943,0.009308
-0.051423,0.00015259,-0.26535,-0.27329,-0.036774,0.54246,0.039826,0.0077821
-0.028534,0.095979,-0.12131,-0.12894,-0.02945,0.58488,0.075227,-0.00015259
-0.019684,0.34806,-0.18906,-0.019379,-0.033417,0.21164,0.049897,0.0013733
-0.034638,0.38071,0.12558,-0.031586,-0.0062562,0.027924,0.019989,-0.0096132
-0.066072,-0.0086976,0.08835,-0.20157,0.052949,-0.10056,0.00076295,-0.025788
-0.030671,-0.34409,-0.064851,-0.19364,0.015717,-0.16648,-0.016327,-0.025177
-0.051728,-0.38346,-0.15976,-0.11246,-0.0062562,-0.22141,-0.018769,-0.011139
-0.044404,-0.11582,-0.24155,-0.14267,-0.00076295,-0.32517,-0.020905,-0.0044251
0.015717,-0.096284,-0.33585,-0.19944,-0.00015259,-0.38621,-0.0032044,-0.0032044
0.0028992,-0.094453,0.26322,-0.24552,0.011749,-0.57115,-0.023346,0.02945
-0.037385,-0.013581,0.51835,-0.31632,0.013275,-0.2797,-0.03769,0.01297
-0.022126,0.29801,-0.36942,-0.18112,-0.00076295,-0.040436,-0.017548,0.0013733
-0.035859,0.41032,-0.19608,-0.040742,0.046235,0.12375,-0.002594,-0.023346
-0.050507,-0.02884,0.13748,-0.009308,0.060273,0.094759,0.023041,-0.011139
-0.00015259,0.49393,-0.14786,0.08957,0.019989,0.13931,0.026703,0.015412
-0.0065614,0.66056,-0.097505,-0.047761,0.015412,0.32517,0.037079,0.047761
-0.034333,0.29862,-0.11521,-0.12314,0.005951,0.36271,0.053254,0.042878
-0.077058,-0.43046,0.052338,-0.15122,-0.00015259,0.65415,0.068513,-0.0053407
-0.081636,-1.6283,-0.2092,-0.28794,-0.015412,0.4332,0.074617,-0.041962
-0.0035096,-0.81193,-0.36881,-0.29801,-0.018463,0.13382,0.029145,-0.056611
0.016022,0.013886,-0.23972,-0.18967,-0.03769,-0.058137,0.04593,0.049592
-0.0083925,0.039216,0.34165,-0.26993,-0.014191,-0.1442,0.009308,0.050507
-0.010224,0.082246,0.33249,-0.28824,0.025177,-0.12222,-0.042878,0.013275
-0.01236,0.028534,-0.14481,-0.121,0.013581,-0.27298,-0.0086976,0.020905
-0.020294,0.1091,-0.35935,0.11582,-0.031586,-0.29404,-0.0041199,0.051118
0.009308,0.15732,-0.34897,0.23026,0.033112,-0.47562,-0.013581,0.0383
0.088045,0.16342,0.094759,0.086824,0.064546,-0.51774,-0.02884,0.034028
0.065156,0.22324,0.36301,-0.10391,0.039521,-0.18662,-0.048371,0.048371
-0.040742,-0.10208,0.0053407,-0.11795,0.038911,-0.0019837,-0.042573,0.029145
-0.018158,-0.11002,-0.12497,-0.23606,0.019684,0.11124,0.005951,0.025177
-0.029145,-0.17472,0.052949,-0.26627,-0.016632,0.11063,0.012055,0.013275
-0.066072,-0.24796,0.13626,-0.16068,-0.034638,0.2153,0.028229,0.0071717
-0.086213,-0.039826,-0.12558,-0.11185,0.015412,0.30503,0.022736,-0.0044251
-0.077974,0.061799,-0.074006,-0.091402,0.0041199,0.43595,0.0383,-0.0050355
-0.047761,0.017243,-0.35142,-0.079194,-0.00076295,0.65263,0.062104,-0.011444
-0.019379,0.066682,-0.13046,-0.15152,-0.0068666,0.31235,0.048066,-0.010834
-0.034333,0.043793,-0.038605,-0.1735,-0.02884,0.06424,0.04593,-0.00045777
-0.048676,0.084382,0.0383,-0.072786,-0.02884,-0.11612,0.027314,0.0038148
-0.070039,0.0035096,0.14481,0.103,-0.010834,-0.16831,-0.00045777,-0.015106
-0.015412,-0.084993,-0.053254,-0.034638,0.066377,-0.15213,-0.019684,-0.04715
-0.024262,-0.11337,-0.077058,-0.12314,0.034943,-0.2916,0.0099184,0.013581
-0.0047303,-0.037385,-0.15183,-0.31174,0.00076295,-0.30289,-0.013581,0.022736
-0.00045777,0.0086976,-0.26871,-0.37888,0.032197,-0.57694,-0.051118,-0.010224
0.0077821,0.1442,-0.17411,-0.25711,0.00045777,-0.41764,-0.029755,0.040436
-0.018158,0.31205,0.0056458,-0.13535,0.0074769,-0.10422,-0.0090028,0.031281
-0.033722,0.2327,0.018158,-0.064851,0.032197,0.051118,-0.015412,0.009308
-0.020905,0.081941,-0.048676,-0.083467,0.033112,0.17319,-0.0062562,0.0016785
-0.041657,-0.374,-0.21286,-0.15335,0.015412,0.11093,0.00045777,-0.00045777
-0.037079,-0.39567,-0.22324,-0.22599,-0.010224,0.25864,0.0041199,0.023957
-0.089265,-0.5568,-0.29007,-0.22385,-0.037079,0.28794,0.02945,0.013886
-0.019074,-0.15671,-0.13535,-0.16281,-0.026703,0.56413,0.036774,-0.00076295
-0.024262,-0.082246,0.59403,-0.015106,-0.02884,0.55955,0.075227,0.019379
-0.022736,-0.092927,0.068208,-0.077363,0.034333,0.18112,0.06302,0.034028
-0.045624,-0.056916,-0.16464,-0.094453,0.010834,0.025177,0.040436,-0.0032044
-0.009308,0.093538,-0.10147,-0.13565,-0.01236,-0.09781,0.023957,-0.0090028
-0.024567,0.18631,-0.098726,-0.061799,0.0086976,-0.13657,0.011749,-0.024872
-0.045624,0.03006,-0.082246,-0.11185,0.015412,-0.20401,-0.00045777,-0.018158
-0.030976,-0.068208,0.044404,-0.14542,0.019074,-0.29038,-0.033112,-0.023346
-0.0028992,-0.03769,0.1149,-0.12741,-0.00045777,-0.37766,-0.012665,-0.0050355
-0.025177,0.019684,-0.30076,-0.1207,0.033722,-0.5684,-0.0056458,0.0035096
-0.035554,-0.034638,-0.11887,-0.16922,0.04593,-0.28397,-0.031586,0.011749
-0.044709,-0.064546,-0.013581,-0.17899,0.044404,-0.056306,-0.019379,0.0038148
-0.018463,0.029145,-0.05478,-0.168,0.013275,0.084688,0.02884,0.02182
-0.0080873,0.016632,-0.086213,-0.11246,0.017853,0.11093,0.023651,0.029755
-0.023651,0.0047303,-0.048066,-0.10452,0.014191,0.12985,0.023651,0.010529
0.00045777,0.073701,0.002594,-0.092317,0.0028992,0.31327,0.02945,0.013581
-0.014496,0.07126,-0.014191,-0.076448,-0.0096132,0.33066,0.043183,0.0013733
-0.0041199,0.099947,-0.070039,-0.11582,-0.018158,0.64591,0.039826,0.0041199
-0.014496,0.017243,-0.12924,-0.077668,-0.0044251,0.43687,0.028229,0.013886
-0.029755,-0.19059,-0.103,-0.14542,-0.0065614,0.1326,0.038911,0.033417
-0.020294,-0.32944,-0.08957,-0.17014,-0.0086976,-0.049592,0.027924,0.0080873
-0.02884,-0.33219,-0.036164,-0.16159,-0.013581,-0.1384,0.016632,0.0074769
-0.066987,-0.25864,-0.040131,-0.11978,-0.019379,-0.15244,-0.0065614,0.036164
-0.015412,-0.078584,-0.040436,-0.18326,-0.0010681,-0.2858,-0.0065614,0.0096132
0.0047303,0.087739,0.14847,-0.19272,0.0035096,-0.28946,-0.018463,0.0013733
0.010529,0.40726,0.031891,-0.15122,-0.015412,-0.48478,-0.024262,0.027008
-0.051423,0.23728,0.060273,0.0090028,0.023041,-0.48356,-0.044404,0.020905
-0.057527,0.0013733,-0.51957,-0.030976,0.063935,-0.14084,-0.066682,-0.010529
-0.042878,-0.074922,-0.13107,-0.21317,0.059358,0.0041199,-0.031586,0.0050355
-0.017548,-0.074006,0.11734,-0.25956,0.017243,0.10269,0.019989,0.013275
-0.030365,-0.22751,-0.096895,-0.21592,-0.011139,0.075837,0.037079,0.0206
-0.023346,-0.38865,-0.039826,-0.039521,-0.010834,0.22477,0.042267,0.026093
-0.024567,-0.13382,-0.16464,-0.080415,0.0077821,0.29984,0.043793,0.034943
0.0096132,-0.0028992,-0.22538,-0.23239,0.015717,0.45884,0.049897,0.053559
0.033722,0.11398,-0.12619,-0.23239,-0.0041199,0.6569,0.061799,0.027924
-0.0096132,0.067292,0.25101,0.023957,-0.018463,0.31266,0.058442,0.0038148
-0.078889,0.30259,-0.084993,0.16373,0.013581,0.061494,0.040131,-0.023651
0.009308,0.49973,-0.3331,0.010529,0.043793,-0.067903,0.0080873,-0.038605
0.0074769,0.22416,0.00045777,-0.22538,0.023651,-0.16587,0.015106,0.00045777
-0.095979,-0.1088,0.058442,-0.45243,-0.032197,-0.16464,0.024262,0.013581
-0.066072,-0.45792,0.060883,-0.33982,-0.018158,-0.27573,-0.015717,-0.034943
-0.10208,-0.21469,0.015717,-0.1207,-0.0022889,-0.3209,-0.0050355,-0.031281
-0.10178,-0.091707,0.29862,0.021515,0.019074,-0.59281,-0.038605,-0.049287
0.015717,-0.10788,0.28061,0.002594,0.069123,-0.43626,-0.070954,-0.062715
-0.0096132,-0.26291,-0.059052,-0.12528,0.075837,-0.12192,-0.025483,0.0090028
-0.035859,-0.49149,-0.28489,-0.20157,0.050507,0.064851,-0.0028992,0.03769
-0.016938,-0.019989,-0.15488,-0.17807,0.015106,0.13321,0.034943,0.024262
0.016022,0.35416,-0.30991,-0.15122,-0.01297,0.10117,0.041352,0.058137
0.022126,0.3975,-0.20005,-0.16403,-0.0041199,0.28428,0.034943,0.049287
0.021515,0.17411,-0.36545,-0.23239,-0.015412,0.30594,0.054475,0.056306
-0.043183,-0.15,-0.1265,-0.43381,-0.01297,0.59403,0.071565,0.070649
-0.064546,-0.80644,0.2211,-0.29404,0.0016785,0.56382,0.052033,0.017853
-0.034943,-0.16495,0.24094,-0.00015259,-0.011444,0.1854,0.029145,-0.023651
0.0096132,0.42374,0.069734,0.47501,-0.026398,0.00045777,0.019379,0.0080873
-0.024567,0.28672,-0.26261,0.50462,0.019074,-0.11429,-0.00015259,0.023957
0.030976,0.030671,-0.35538,-0.2855,0.048981,-0.13382,0.013275,0.019074
0.015717,-0.3267,-0.37644,-0.73533,-0.016632,-0.19699,0.015412,0.046235
-0.069734,-0.60075,0.053864,-0.40269,-0.030671,-0.27481,-0.016938,0.03006
-0.097505,-0.40757,0.33463,-0.18418,0.00045777,-0.41154,-0.038911,-0.01297
-0.024567,0.14267,0.14511,0.18814,0.028229,-0.60655,-0.066682,-0.039216
0.0068666,0.24552,-0.014801,0.43351,0.046235,-0.2858,-0.049287,-0.0065614
-0.013581,0.062104,-0.07248,-0.089265,0.056306,-0.019684,-0.029755,0.022736
-0.03769,-0.077668,0.2211,-0.29252,-0.0022889,0.1146,0.015412,0.012055
0.025177,-0.069734,-0.45579,-0.37217,-0.0083925,0.099031,0.019074,0.0010681
0.013581,0.067292,-0.48692,-0.37827,-0.009308,0.11551,0.029755,0.033112
-0.056916,0.047761,-0.31785,-0.13993,-0.036469,0.31968,0.029145,0.043488
-0.069734,0.12558,-0.12253,-0.045319,-0.0013733,0.35538,0.030365,0.019074
-0.10361,-0.058442,0.95109,0.15976,0.02945,0.66789,0.036164,-0.019074
-0.099336,-0.020294,-0.1854,-0.020905,0.025483,0.4329,0.050507,-0.044404
-0.033722,0.07126,-0.33249,-0.20554,0.063935,0.16434,0.0038148,-0.094453
-0.027314,-0.059358,0.027619,-0.024567,0.0053407,-0.053864,0.015412,-0.04593
0.012665,-0.14084,0.074922,-0.0206,0.0056458,-0.15366,0.013275,-0.01297
0.0065614,-0.12741,-0.14908,-0.23545,-0.0074769,-0.14145,0.011444,0.02945
0.0013733,0.019989,-0.16403,-0.42588,-0.043793,-0.27787,0.01297,0.064546
-0.0074769,0.043183,-0.067903,-0.45365,-0.02884,-0.27481,-0.009308,0.049592
-0.041962,-0.0795,0.1033,-0.20279,-0.0050355,-0.52384,-0.026703,0.049897
0.0099184,0.0795,0.29953,-0.024262,0.066377,-0.52293,-0.057221,-0.00076295
0.016632,-0.19608,0.22568,-0.074311,0.074311,-0.15579,-0.028229,0.013886
-0.020905,-0.13352,-0.70451,-0.091707,0.015412,-0.0041199,0.027619,0.092622
-0.025483,0.28122,-0.51011,-0.23301,0.013581,0.15335,0.023346,0.065461
0.013275,-0.07248,-0.32029,-0.24765,0.02182,0.10666,0.0065614,0.0053407
-0.038605,-0.27451,0.11276,-0.12161,0.0080873,0.19089,0.025483,0.022126
-0.092317,-0.13626,0.022736,0.041047,0.0053407,0.31846,0.049592,0.012055
-0.056611,0.073701,-0.28611,-0.023041,0.039826,0.46098,0.043183,-0.039826
-0.050813,-0.035554,0.31449,-0.052644,0.016632,0.65476,0.084382,-0.04593
-0.013581,0.10819,0.10117,-0.0035096,-0.019684,0.28214,0.068208,-0.039216
-0.053864,0.13535,0.11704,0.037385,0.0013733,0.037079,0.035859,-0.010529
-0.057832,0.02945,0.036469,-0.11276,0.014801,-0.060578,-0.0028992,-0.002594
-0.019074,-0.051728,-0.13138,-0.32425,0.0071717,-0.14694,-0.034638,-0.015412
-0.018158,0.1146,-0.13748,-0.26535,-0.023041,-0.18326,0.005951,0.0099184
-0.0065614,0.094759,-0.10971,-0.22782,-0.0047303,-0.30259,-0.00015259,0.005951
0.0080873,-0.046845,-0.1033,-0.20432,-0.020294,-0.31601,-0.00076295,0.0071717
-0.0065614,-0.24674,-0.088045,-0.21195,-0.013275,-0.58305,-0.01236,0.025177
-0.038605,-0.42496,0.073091,-0.12161,0.028229,-0.40177,-0.039521,0.02182
0.0071717,-0.22477,-0.029145,-0.1796,0.053254,-0.072175,-0.043488,0.019379
-0.01236,-0.093843,-0.068818,-0.084688,0.029755,0.041047,0.024262,0.070039
0.0028992,0.25681,-0.099641,-0.15061,0.016938,0.15549,0.033417,0.059663
0.016022,0.26871,0.027314,-0.075532,0.031586,0.12802,0.0028992,0.015412
0.011139,0.1503,0.048066,-0.048371,-0.00076295,0.26352,0.045624,0.025483
-0.014801,-0.019989,0.050202,-0.052338,0.015717,0.31998,0.045319,0.019074
-0.103,-0.43656,-0.18112,-0.058747,0.0032044,0.56565,0.020905,0.027008
-0.070954,-0.33982,-0.42741,-0.1265,-0.0068666,0.57542,0.077668,0.0096132
-0.026703,-0.066682,-0.24521,-0.14847,-0.012665,0.20157,0.053559,-0.035554
-0.045319,-0.030976,-0.077058,-0.17685,-0.015717,-0.0077821,0.023651,-0.040436
-0.066072,0.085603,-0.36149,-0.21958,-0.0010681,-0.11154,0.019379,-0.030365
-0.026703,0.16739,-0.14786,-0.21958,-0.00015259,-0.13565,-0.010529,-0.035554
-0.075532,-0.063935,0.67857,-0.027314,0.0032044,-0.23117,-0.0071717,-0.0032044
-0.023346,-0.083467,0.20768,-0.066987,0.0074769,-0.28916,-0.027619,-0.010224
0.019989,0.083467,-0.19974,-0.10697,-0.0065614,-0.36545,-0.030976,-0.0019837
-0.00045777,0.13962,-0.12436,-0.12741,0.023041,-0.61936,-0.0071717,0.0383
-0.016327,0.095369,0.020905,-0.18173,0.089265,-0.2678,-0.026703,0.034333
-0.023041,-0.06363,0.1912,-0.061799,0.024262,-0.03006,-0.023346,0.04593
-0.014191,-0.20859,-0.031891,-0.11795,0.027008,0.12192,-0.0074769,0.045319
-0.029755,-0.38254,-0.085298,-0.15671,0.034333,0.13962,0.012055,0.0383
0.0053407,-0.061799,-0.2092,-0.14603,0.0068666,0.13748,0.040436,0.053254
-0.0047303,0.074617,-0.13657,-0.12314,-0.00015259,0.29099,0.04654,0.068208
-0.061494,0.10452,-0.1564,-0.13504,-0.0044251,0.35264,0.055085,0.059663
-0.103,0.081331,-0.056306,-0.090791,-0.0065614,0.66392,0.069123,0.0050355
-0.072175,-0.1796,0.12894,-0.084688,0.002594,0.40421,0.039521,-0.035248
-0.053864,-0.49363,-0.074311,-0.13504,0.0010681,0.10269,0.011139,-0.038605
-0.0383,0.0056458,-0.12863,-0.2034,-0.00015259,-0.041962,0.0010681,-0.033417
-0.059663,0.077363,-0.15,-0.19272,-0.0083925,-0.16159,0.0056458,-0.029755
0.0056458,0.015717,-0.17716,-0.10391,-0.024262,-0.12894,-0.00015259,-0.026398
0.0080873,0.22538,0.13107,-0.056306,0.011139,-0.26169,-0.0035096,-0.012055
0.016632,0.36393,0.0096132,-0.035554,0.049592,-0.27787,0.005951,0.016022
0.024262,-0.016022,-0.15732,-0.17777,0.034333,-0.50126,-0.01297,0.026703
0.037995,-0.25956,-0.31266,-0.24521,0.026703,-0.49058,-0.055085,0.040131
0.017243,-0.45579,-0.38743,-0.29709,0.0056458,-0.17899,-0.034943,0.039216
-0.043488,-0.36179,-0.16251,-0.18082,0.0050355,0.01236,-0.013581,0.032807
-0.016632,0.2266,-0.18692,-0.023041,0.0010681,0.12253,0.018769,0.023346
-0.016327,0.015717,0.21897,-0.020905,0.016632,0.11643,0.030365,0.031281
-0.082856,-0.28367,0.4686,-0.069123,0.017243,0.22049,0.027619,0.029145
-0.077363,-0.14755,0.093843,-0.25315,0.037385,0.32212,0.028229,0.0010681
-0.096284,0.19211,-0.10941,-0.11185,-0.028534,0.44175,0.049592,0.0010681
-0.03769,0.3679,-0.080415,-0.062409,-0.019684,0.63493,0.059052,-0.022126
0.0038148,0.19364,-0.076143,-0.15885,0.0068666,0.28367,0.023957,-0.0013733
0.015717,0.1619,0.0041199,-0.10666,-0.002594,0.070649,0.03769,0.014191
0.005951,0.21744,-0.31754,-0.12497,-0.0053407,-0.076448,0.0086976,-0.015717
-0.015717,-0.22354,-0.27634,-0.18265,-0.012055,-0.16526,-0.010834,-0.00076295
-0.013275,-0.34043,-0.11246,-0.19577,-0.014496,-0.19242,-0.0044251,0.010529
-0.017243,0.0099184,0.20768,-0.05539,-0.0062562,-0.31571,-0.022126,0.022126
-0.027619,-0.039826,0.22904,-0.096284,0.035859,-0.29099,-0.023041,0.02945
-0.033112,-0.33433,-0.010834,-0.26993,0.065156,-0.57053,-0.027619,-0.0022889
0.0096132,-0.089876,-0.32853,-0.4979,0.018769,-0.40116,-0.027314,0.0038148
-0.00045777,0.09781,-0.096895,-0.27817,-0.0013733,-0.090791,-0.0056458,0.042878
-0.010529,0.081636,-0.10605,-0.081331,0.0056458,0.033417,-0.0032044,0.019989
-0.019684,-0.053864,0.32975,0.30594,0.015412,0.13199,0.024872,-0.013581
-0.047761,-0.28885,0.23239,0.4033,0.0071717,0.12589,0.02182,-0.0028992
-0.059358,-0.051728,-0.35691,-0.11246,0.038911,0.28885,0.025483,-0.01297
-0.029145,0.032197,-0.11337,-0.23362,0.049592,0.3624,0.031281,-0.0056458
-0.042573,-0.069734,-0.51957,-0.18997,-0.0035096,0.58213,0.057221,0.0074769
-0.05539,0.040131,0.088655,-0.24552,0.0053407,0.56077,0.088655,0.0019837
-0.057832,-0.028229,0.07126,-0.17319,-0.0041199,0.17533,0.04715,0.0068666
-0.04715,-0.087434,0.012665,-0.13687,-0.02945,-0.039521,0.042267,0.014801
-0.031281,-0.10086,-0.066682,-0.14206,0.0013733,-0.13016,0.010834,-0.016327
-0.053864,-0.24582,-0.11856,-0.20127,0.029755,-0.13443,0.012055,0.0035096
-0.081025,-0.24216,0.096895,-0.088655,0.005951,-0.20279,0.018158,0.0016785
0.11612,0.12711,-0.086213,-0.15854,0.023041,-0.31205,-0.025788,-0.030671
0.03006,0.4622,-0.25986,-0.091707,0.023041,-0.40574,-0.026703,-0.025788
-0.053864,0.29862,-0.095979,-0.17136,0.030976,-0.59922,-0.025177,0.002594
-0.023651,0.12741,-0.21561,-0.26047,0.044404,-0.25498,-0.057221,0.0038148
0.034028,0.033112,0.0077821,-0.15122,0.0038148,-0.010224,-0.019379,0.031891
-0.015106,-0.2269,-0.028534,-0.1146,-0.010834,0.08896,-0.002594,0.072175
-0.039521,-0.31815,-0.092622,-0.11856,0.013275,0.13962,0.0047303,0.06363
0.0028992,-0.042878,-0.17075,-0.15518,0.025177,0.1561,-0.018463,0.0032044
-0.076143,-0.21225,-0.12955,-0.1387,0.0047303,0.28367,0.019989,0.046845
-0.10391,-0.26688,0.19394,-0.069734,-0.013275,0.34348,0.034943,0.044099
-0.049897,-0.056001,0.035554,-0.13901,-0.0062562,0.63493,0.045624,0.00076295
-0.0096132,0.18997,-0.02182,-0.12863,-0.028229,0.42588,0.07187,0.0041199
-0.018158,0.18875,0.060883,-0.013275,-0.025177,0.1268,0.054475,0.015412
-0.050813,0.0099184,-0.066682,-0.025483,0.0090028,-0.01297,0.039216,0.0206
-0.043793,-0.083772,-0.086213,-0.13382,0.046235,-0.13382,0.0068666,-0.0035096
-0.025788,-0.21469,-0.10544,-0.18357,0.017853,-0.13962,0.0013733,-0.030671
-0.045624,-0.48295,-0.15152,-0.36759,-0.0010681,-0.27085,-0.016327,-0.0028992
-0.019074,-0.22232,-0.084688,-0.27329,0.0019837,-0.29038,-0.023041,-0.0035096
0.012055,0.092012,-0.22843,-0.17197,0.002594,-0.51896,-0.038911,-0.0028992
0.022126,0.16434,-0.24613,0.048981,0.032197,-0.5333,-0.041047,0.011139
0.011139,0.13443,-0.24826,-0.28519,0.025788,-0.15763,-0.023041,0.022126
-0.063935,-0.066072,0.043793,-0.48295,0.027619,0.032502,-0.011444,0.02182
-0.019684,-0.14786,0.42313,-0.25772,0.010529,0.13962,-0.010834,0.0032044
-0.027314,0.040131,0.4152,0.33555,0.015717,0.092622,0.00076295,0.00076295
-0.01297,0.19181,0.24949,0.72526,-0.0010681,0.21164,0.044099,0.066377
0.026093,0.38071,-0.70848,-0.055695,0.070649,0.33127,0.0099184,0.017548
-0.083772,0.022736,-0.30838,-0.35782,-0.010224,0.45945,0.064546,0.035554
-0.074922,-0.38773,0.0099184,-0.39963,-0.010224,0.66636,0.06424,0.019379
-0.010834,-0.28305,-0.29496,-0.22751,0.014801,0.30961,0.017243,-0.051118
0.011444,-0.032197,-0.50828,-0.17075,-0.014191,0.0090028,0.019074,-0.0028992
-0.022126,-0.07187,-0.19608,-0.13474,-0.0068666,-0.12497,0.04654,0.019379
-0.02121,-0.061494,0.31144,-0.10269,-0.01236,-0.14084,0.020905,0.02182
-0.012055,-0.052949,1.1998,-0.059358,-0.021515,-0.16434,0.017853,0.039826
-0.0068666,0.055085,0.2034,-0.081025,-0.0041199,-0.28275,-0.0035096,0.031281
-0.084077,-0.034028,-0.54887,-0.17136,0.013275,-0.30655,-0.0056458,0.019684
-0.04715,0.091402,-0.19821,-0.16098,0.032807,-0.55894,-0.057221,-0.025177
0.0077821,0.033112,-0.17319,-0.18784,0.049592,-0.40238,-0.059968,-0.030976
0.019684,0.023651,-0.13291,-0.15702,0.017853,-0.10849,-0.020294,0.023957
-0.013275,-0.035554,-0.05417,-0.050202,0.030365,0.07248,-0.017548,0.011444
-0.032807,-0.049897,-0.022126,-0.044709,0.039826,0.12009,0.016632,0.015717
-0.059052,-0.074617,-0.08835,-0.14084,0.026093,0.14969,-0.00015259,0.0050355
-0.0086976,0.12039,-0.11307,-0.24033,0.009308,0.27298,0.019684,0.0035096
-0.022431,0.43076,-0.22843,-0.22721,0.00045777,0.31876,0.051423,0.0096132
-0.04654,0.40421,-0.20157,-0.14603,-0.0013733,0.56657,0.073396,0.02884
-0.086824,0.12619,-0.15274,-0.011139,-0.018158,0.52659,0.063935,0.0047303
-0.10636,-0.65263,-0.059052,0.026703,-0.037385,0.20218,0.02884,-0.011444
-0.027314,-0.75669,-0.040436,-0.2031,0.0038148,0.013275,-0.0053407,-0.041352
-0.026703,-0.49088,-0.38132,-0.29648,-0.017243,-0.16159,-0.00076295,-0.013275
-0.018463,-0.27573,0.064851,-0.2092,-0.042878,-0.15793,0.012665,0.043488
-0.015717,0.057832,0.439,-0.040131,0.012665,-0.18692,-0.023651,-0.017243
-0.031586,0.13199,0.090181,0.30655,0.0028992,-0.31907,-0.038605,-0.0053407
-0.014191,0.1561,-0.063935,-0.20066,0.016022,-0.35966,-0.04715,0.024872
0.0013733,0.091707,-0.11948,-0.21622,0.046845,-0.55802,-0.043488,-0.0062562
0.0035096,-0.002594,-0.12863,-0.29252,0.012665,-0.28305,-0.013581,0.015717
-0.0041199,-0.031586,0.021515,-0.23697,-0.013581,-0.043183,0.0090028,0.046235
0.061494,0.051423,-0.029755,0.663,0.032807,0.076448,0.010834,0.02884
0.036774,0.04654,-0.030976,-0.20554,0.041962,0.12497,-0.015717,0.043488
0.0056458,0.14206,-0.1735,-0.2797,0.027924,0.16678,0.0013733,0.065766
-0.0010681,0.11948,-0.35935,-0.30564,0.023041,0.27359,0.076448,0.038911
-0.0383,-0.050202,-0.50858,-0.24491,-0.0062562,0.35386,0.059663,0.053559
-0.043183,-0.043488,0.099947,0.32425,-0.0071717,0.64836,0.091707,0.040436
-0.012055,0.093538,0.28214,0.63127,0.0038148,0.41123,0.061189,0.005951
-0.026703,0.42618,0.58457,0.57939,-0.0071717,0.14115,-0.01236,0.034333
-0.034943,0.47471,0.03769,0.35843,0.0090028,-0.0071717,-0.022126,0.016022
-0.030365,0.17838,-0.35874,0.21561,-0.015412,-0.13748,-0.029145,-0.019684
-0.065156,-0.60166,-0.30838,0.044099,-0.0083925,-0.10575,-0.016938,-0.0096132
-0.085298,-1.2126,-0.29191,-0.18418,0.033417,-0.25772,-0.013275,-0.0032044
-0.082246,-0.6923,-0.094453,-0.32609,0.011444,-0.29587,-0.014191,-0.0019837
-0.051423,-0.079805,0.10269,-0.12284,-0.022126,-0.52262,-0.074922,-0.033722
-0.029755,-0.017853,0.014191,-0.103,0.010834,-0.52781,-0.084993,-0.053559
0.0053407,0.17624,-0.22507,-0.15061,0.02945,-0.16983,-0.044709,-0.014191
-0.030365,0.07187,-0.10758,-0.13931,0.019074,0.0041199,-0.0068666,0.020905
-0.0206,0.075532,-0.061189,-0.4448,0.035859,0.1207,-0.0096132,0.014801
-0.022431,0.058747,-0.002594,-0.41886,0.027619,0.10849,0.017548,0.0071717
-0.056001,-0.18936,0.28428,-0.20066,0.00076295,0.2388,0.039826,0.025177
-0.016938,-0.039826,0.14145,0.03769,0.011749,0.29679,0.057832,0.025788
0.0050355,0.17014,-0.091402,0.30838,0.017243,0.43961,0.084688,0.026703
-0.0047303,0.070344,-0.1738,0.042573,0.023957,0.64073,0.10788,0.031586
0.00045777,0.010224,-0.24613,-0.39597,-0.0032044,0.3151,0.10239,0.022736
-0.02945,0.04715,-0.13931,-0.38743,-0.032502,0.041657,0.051728,0.026093
-0.024262,0.10971,-0.33494,-1.0069,-0.031281,-0.12894,0.023651,0.0206
-0.031281,0.11582,-0.19364,-1.3271,-0.010224,-0.12009,0.022126,-0.022126
-0.038911,-0.012665,0.2501,-0.80613,-0.041047,-0.18326,0.057221,-0.047761
-0.029145,-0.060578,-0.046235,-0.5568,-0.00076295,-0.33097,0.023346,-0.039826
0.01297,-0.042878,-0.019684,-0.56229,0.045014,-0.31296,-0.0062562,-0.030976
0.0050355,-0.032502,-0.22599,-0.53269,0.025177,-0.62119,-0.017243,0.002594
-0.018158,-0.075837,-0.13321,-0.59464,0.021515,-0.40787,-0.0083925,0.0065614
-0.041352,-0.26963,0.45884,-0.31754,-0.0019837,-0.089265,-0.013275,-0.0013733
-0.059052,-0.17075,0.15183,-0.047456,0.013886,0.065461,-0.012055,-0.0028992
-0.041657,0.018158,-0.052338,-0.15396,0.046845,0.11704,0.0090028,0.0016785
-0.056916,0.073701,-0.14725,-0.21378,0.032807,0.1091,0.0077821,-0.0096132
-0.0795,0.094453,-0.85069,-0.31449,0.013581,0.2742,0.033112,0.0032044
-0.052949,0.0972,0.078279,-0.11643,0.026093,0.32792,0.022126,-0.035248
-0.0032044,-0.036774,0.23239,-0.061494,-0.015106,0.56413,0.009308,-0.023346
0.077363,0.013581,0.030671,-0.026703,-0.028534,0.52232,0.051728,0.036164
-0.022736,-0.070039,-0.12985,-0.10788,-0.019074,0.20188,0.059052,0.10208
0.024262,-0.32273,-0.062104,-0.072175,-0.019684,0.044709,0.031281,0.043183
0.041657,-0.29007,-0.074922,-0.0972,-0.023041,-0.15274,0.016022,0.015717
-0.066987,-0.13687,0.0022889,-0.040742,-0.0062562,-0.1442,0.021515,0.047761
-0.055695,0.24552,-0.26047,-0.070954,0.0206,-0.20218,-0.0044251,0.017243
-0.035859,0.47227,-0.12253,-0.015106,0.041962,-0.28336,-0.063935,-0.017548
-0.017548,0.14023,-0.13931,-0.030976,0.023651,-0.38224,-0.048981,-0.012665
0.0016785,-0.0044251,-0.082246,-0.043488,0.039216,-0.58427,-0.025788,-0.019379
-0.059968,-0.29496,0.52171,0.0044251,0.027008,-0.26291,-0.019684,0.017853
-0.037385,-0.34775,0.023346,-0.06363,0.054475,-0.0077821,-0.024262,-0.0032044
-0.012055,-0.059358,-0.2562,-0.11551,0.043183,0.087739,0.0010681,0.023651
-0.022431,0.055695,-0.19394,-0.079194,-0.009308,0.083467,0.024872,0.035554
-0.010529,0.12436,-0.074617,-0.047761,-0.0062562,0.14786,0.04593,0.031586
-0.026703,0.01236,0.15824,0.016632,-0.0096132,0.30625,0.038911,0.037385
-0.061799,-0.33677,0.13046,0.016022,-0.0044251,0.36698,0.023957,0.037079
-0.053254,-0.47562,-0.097505,-0.084382,0.009308,0.66606,0.040436,-0.0062562
-0.095979,-0.24491,-0.17685,-0.086519,-0.029145,0.40452,0.066377,-0.012665
-0.07187,0.35355,-0.1387,-0.10513,-0.027314,0.1088,0.033112,-0.025177
-0.038605,0.37217,-0.11215,-0.073396,-0.0050355,-0.05417,-0.0028992,-0.052949
0.0016785,0.2208,0.075227,-0.07248,-0.016632,-0.15183,-0.011444,-0.031586
-0.031891,-0.066072,-0.02884,-0.046235,-0.0032044,-0.1564,-0.017548,0.0032044
-0.009308,-0.29496,-0.22934,-0.10452,0.005951,-0.26841,-0.014191,0.022736
-0.01236,-0.10575,-0.12619,-0.11368,0.032197,-0.25559,-0.024567,0.023957
-0.0056458,0.075837,-0.27024,-0.10513,0.018769,-0.49119,-0.017548,0.046845
-0.016938,0.25986,-0.010834,-0.10056,0.046845,-0.48753,-0.074617,0.02182
-0.002594,0.18723,0.0016785,-0.078889,0.049592,-0.16373,-0.04654,0.0080873
0.0038148,0.03006,0.062104,-0.095369,0.027008,-0.0019837,-0.014191,0.010529
-0.040742,-0.23545,-0.12711,-0.082856,0.015412,0.12253,-0.011444,0.010834
-0.052033,-0.45884,-0.35264,-0.27604,0.026703,0.12161,0.0053407,-0.016632
-0.053254,-0.38468,-0.049287,-0.21073,0.015717,0.1976,0.025788,-0.0047303
-0.0080873,-0.053559,-0.0019837,-0.039216,-0.028229,0.29984,0.031891,0.0019837
0.0035096,-0.0016785,0.15671,-0.11704,-0.033722,0.48966,0.05417,0.019379
-0.0041199,0.0096132,-0.084688,0.035248,-0.011139,0.62852,0.075532,0.060273
0.016022,0.07126,0.056306,-0.09659,0.0077821,0.2797,0.070344,0.05539
0.018769,0.099336,0.27451,-0.033722,0.033722,0.088655,0.040131,0.037995
0.013275,0.28672,0.058137,-0.043488,0.011749,-0.11154,0.024262,0.04593
0.002594,0.14176,0.012055,-0.12558,0.017853,-0.15793,0.02182,0.034028
-0.0206,-0.10178,-0.059358,-0.14145,0.0047303,-0.18112,0.018158,0.039216
-0.03769,-0.18784,-0.54612,-0.20005,-0.0068666,-0.2974,0.005951,0.016632
-0.054475,-0.31266,-0.33066,-0.044404,0.015106,-0.30808,-0.033722,-0.0206
-0.060578,-0.085603,-0.3209,-0.08072,0.040436,-0.61509,-0.056001,-0.031281
-0.048371,0.12558,-0.0035096,-0.14328,0.055085,-0.38743,-0.049287,-0.041962
-0.041352,-0.26413,0.45792,-0.26108,0.013275,-0.10178,0.0090028,-0.009308
-0.04654,-0.18448,0.14176,-0.31662,-0.010834,0.058137,0.0071717,0.014191
-0.018158,-0.13748,-0.14633,-0.54826,-0.028534,0.15793,-0.0041199,0.02121
-0.046845,-0.0062562,-0.17166,-0.32303,-0.0056458,0.10849,-0.0083925,0.009308
-0.053559,0.1091,-0.0022889,0.010529,-0.0062562,0.28214,0.0053407,-0.011139
0.019684,0.20279,-0.024262,0.46128,0.042878,0.32242,-0.00015259,-0.031586
0.0019837,0.13077,-0.44602,0.53086,0.020905,0.57847,0.06302,0.037079
-0.04654,0.11948,-0.59251,-0.30961,0.017548,0.55558,0.074617,0.026703
-0.053559,-0.082246,-0.042878,-0.24186,-0.010834,0.21012,0.04654,-0.023041
0.036774,0.08957,0.36332,-0.24338,-0.023041,-0.011444,0.035248,-0.011139
0.029755,0.34562,-0.15091,-0.52659,0.018158,-0.13962,-0.0053407,0.0016785
-0.075227,-0.2739,0.6978,-0.42588,-0.051118,-0.1207,0.026703,0.069123
-0.052949,-0.18936,-0.024567,-0.12039,0.013581,-0.21836,-0.0065614,-0.0068666
-0.083772,-0.62425,-0.16861,0.23392,0.024872,-0.32303,-0.0050355,-0.0050355
-0.0074769,-0.65202,-0.0016785,0.44938,0.039521,-0.40208,-0.011139,-0.014801
0.0038148,-0.025483,-0.22751,0.028534,0.051728,-0.60319,-0.024262,0.0068666
-0.020905,0.1735,-0.049897,-0.25101,0.0056458,-0.2388,0.0010681,0.031586
-0.0047303,0.12589,0.1619,-0.31205,0.029755,-0.0071717,-0.0071717,0.002594
-0.01297,0.14817,0.048066,-0.18692,0.02121,0.087739,0.0047303,0.025788
0.0096132,0.14572,-0.34714,-0.2443,0.0032044,0.11154,0.019684,0.018769
-0.010834,0.22019,-0.44388,-0.27024,-0.020294,0.1619,0.036164,0.047456
-0.020905,0.10788,-0.24247,-0.33433,-0.0083925,0.32212,0.035859,0.048371
-0.043488,-0.009308,0.25254,-0.045319,-0.014801,0.36088,0.040131,0.026703
-0.0972,-0.3682,0.058442,0.027924,-0.0050355,0.64652,0.059663,0.010834
-0.11429,-0.55802,0.035554,-0.13169,0.037385,0.41062,0.036774,-0.017243
-0.054475,-0.19852,-0.077974,-0.1854,-0.011139,0.094759,0.019684,-0.028534
-0.051728,-0.06424,0.21561,-0.12894,-0.037079,-0.060273,0.014801,-0.026398
-0.014496,0.075532,-0.075227,-0.098726,-0.0013733,-0.14267,-0.0047303,-0.022736
-0.055695,0.26627,-0.26383,-0.0080873,-0.00045777,-0.14084,-0.0047303,-0.0047303
-0.049897,0.26658,-0.22446,-0.13046,0.010529,-0.26322,-0.027619,-0.02121
0.002594,0.13321,-0.098116,-0.17716,0.036164,-0.26261,-0.054475,-0.065461
0.031586,0.01236,-0.018463,-0.21622,0.0071717,-0.52262,-0.049287,-0.022126
0.02884,0.043183,-0.01236,-0.21592,0.0099184,-0.4979,-0.038911,0.026703
0.018158,0.1445,-0.056001,-0.15335,0.025483,-0.14603,-0.011139,0.072786
0.036164,0.42039,0.095369,-0.1387,0.033417,-0.0022889,0.025788,0.074311
0.040436,0.27054,-0.019074,-0.103,0.016938,0.12253,0.019684,0.070039
0.0068666,0.18875,-0.34592,-0.099641,0.0047303,0.121,0.022126,0.059358
0.0090028,-0.11673,-0.0044251,-0.08835,0.045014,0.2385,0.052949,0.053864
-0.031281,-0.62852,-0.33677,-0.15549,0.012055,0.32609,0.052338,0.035554
-0.12528,-0.87449,-0.57389,-0.19577,0.002594,0.4509,0.05417,0.0013733
-0.1503,-0.31144,-0.14359,-0.24613,-0.0035096,0.61784,0.070649,-0.0074769
-0.10941,-0.13046,0.91936,-0.060578,-0.014191,0.26902,0.037995,-0.048676
-0.014496,-0.013886,0.16495,-0.018463,-0.0062562,0.034333,0.032807,-0.034943
-0.062715,0.00045777,-0.16922,-0.0013733,-0.00045777,-0.073701,0.019379,-0.0050355
-0.053559,-0.1268,-0.12558,-0.036469,0.014191,-0.11337,0.0013733,-0.020294
-0.0053407,-0.082551,-0.08835,-0.15091,0.030976,-0.16587,-0.036469,-0.048676
0.043183,0.035859,-0.25467,-0.34562,-0.0022889,-0.32486,-0.014496,0.013275
-0.028534,-0.011444,-0.019684,-0.075837,-0.018463,-0.32975,0.013275,0.0383
0.036774,0.1265,-0.052033,-0.13535,0.025788,-0.58579,-0.030976,0.0077821
0.074006,0.16739,-0.1326,-0.16251,0.075837,-0.37522,-0.041657,0.0065614
-0.025483,0.10147,-0.08957,-0.11704,0.049897,-0.06302,-0.027008,0.036164
-0.039826,0.0032044,-0.022736,-0.17594,0.028229,0.087129,-0.010834,0.0077821
-0.0047303,-0.033722,-0.031586,-0.21286,0.0038148,0.13169,0.019379,0.013581
-0.038605,-0.036469,0.1857,-0.15091,-0.019379,0.10483,0.032197,0.046845
-0.040436,-0.031891,-0.036774,-0.14481,-0.00015259,0.27787,0.023957,0.032807
0.0053407,-0.023346,-0.2153,-0.076448,-0.0035096,0.3209,0.04593,0.023957
-0.02945,-0.085908,-0.16129,0.0016785,-0.009308,0.57847,0.063935,0.019074
-0.10178,-0.041657,-0.13474,-0.06424,0.0041199,0.50797,0.085298,0.013275
-0.077668,-0.18448,0.29953,-0.099336,-0.011444,0.19303,0.039826,-0.044709
0.00045777,-0.1207,0.13443,-0.1088,-0.002594,0.021515,-0.0019837,-0.045014
-0.019684,-0.096895,-0.11063,-0.1738,0.023957,-0.15244,0.0090028,0.025177
-0.060883,-0.098726,-0.10452,-0.14755,-0.00076295,-0.13565,0.030365,0.041352
-0.034333,0.012055,-0.14176,-0.168,-0.002594,-0.21439,-0.014801,-0.025483
-0.00015259,0.29435,-0.17868,-0.1738,0.010529,-0.31815,-0.014191,-0.016632
-0.00015259,0.17044,-0.15732,-0.18021,-0.0053407,-0.42374,-0.015412,0.029145
-0.023041,0.34623,-0.16007,-0.24277,0.033722,-0.59648,-0.027619,0.0047303
-0.019684,0.13962,0.0038148,-0.16098,0.04593,-0.26078,-0.035859,-0.00015259
-0.0096132,-0.062715,0.051118,-0.12161,0.029755,-0.029145,-0.0206,0.005951
-0.045624,-0.26871,-0.020294,-0.083467,0.025788,0.1033,0.026703,0.053864
-0.059052,-0.5507,-0.072786,-0.10758,0.025788,0.18112,0.0050355,0.032197
-0.039216,-0.52415,-0.052338,-0.20981,0.024262,0.17716,0.014801,0.0041199
-0.043183,-0.074006,-0.070954,-0.095064,-0.022736,0.27909,0.039216,0.017243
-0.048371,0.13809,-0.099031,0.011749,-0.014496,0.36759,0.032197,-0.023346
-0.084382,0.10117,-0.041657,0.038605,-0.0065614,0.6743,0.061799,-0.0074769
-0.035554,0.076448,0.14481,-0.030365,-0.0065614,0.41367,0.060273,-0.0035096
-0.009308,0.09659,0.013275,-0.14847,0.0080873,0.076753,0.048371,-0.023041
-0.029755,0.040131,-0.2681,-0.35386,-0.010529,-0.07126,0.049287,0.0096132
-0.039521,-0.070649,-0.30961,-0.11154,-0.015717,-0.1268,0.0028992,0.022126
0.0099184,-0.19699,-0.1912,-0.056611,0.023346,-0.14694,-0.035554,0.010834
0.053254,-0.036774,-0.48325,-0.18936,0.059358,-0.27787,-0.023346,0.0019837
0.070039,0.28367,-0.26719,-0.31907,0.016632,-0.27176,-0.014496,0.032197
0.018158,0.011139,0.28733,-0.33585,0.01297,-0.51408,-0.033417,0.033112
0.0010681,-0.11032,0.17472,-0.22568,0.02182,-0.48112,-0.056001,0.033417
-0.014496,-0.47776,0.14145,-0.01236,0.017853,-0.1323,-0.016938,0.041047
-0.014801,-0.43198,0.54643,0.14908,0.016632,-0.0071717,0.0041199,0.049287
-0.017548,0.31388,0.23728,-0.074617,0.043488,0.13901,0.00045777,0.0041199
-0.073091,0.55436,-0.040131,-0.11063,0.014801,0.086824,0.031586,0.0032044
-0.044709,0.54337,-0.58915,-0.23178,0.010529,0.20737,0.038911,-0.0028992
-0.049287,-0.16251,-0.29648,-0.81193,0.023651,0.33585,0.043183,0.009308
-0.057221,-0.36606,0.24613,-0.52811,-0.015412,0.48142,0.058442,0.040436
-0.098421,-0.45762,0.076448,-0.038911,-0.051728,0.62058,0.0795,0.053864
-0.01236,0.027619,-0.04715,0.48203,0.011139,0.28458,0.03006,0.014801
0.041047,0.58091,-0.23362,1.1296,0.0056458,0.041047,0.02121,0.026093
0.012665,0.31022,-0.46555,-0.23545,0.045014,-0.10636,0.013886,0.023957
-0.020294,-0.011749,-0.13993,-0.29099,-0.02884,-0.14389,0.009308,0.0206
-0.073091,-0.72618,-0.1384,-0.27207,-0.039216,-0.16037,-0.0062562,0.01297
-0.081025,-0.7808,0.052644,-0.03006,0.0041199,-0.30137,-0.034638,-0.030976
-0.11917,-0.53483,0.26383,-0.078584,0.037385,-0.29374,-0.024872,-0.024567
0.00045777,-0.030671,-0.0086976,-0.3917,0.11185,-0.57511,-0.066987,-0.072175
0.0032044,0.16129,-0.29038,-0.30564,0.018158,-0.38224,-0.02884,-0.019684
-0.036774,0.087129,-0.37858,-0.41001,-0.027619,-0.080415,0.0053407,0.0206
-0.049287,0.090181,0.15183,-0.048676,-0.0056458,0.051118,-0.013581,0.013581
-0.02121,0.10208,0.22293,-0.077363,0.039216,0.12955,-0.0019837,0.012665
-0.010224,0.019684,-0.0028992,-0.043488,0.073396,0.12345,-0.0019837,0.0068666
-0.030976,-0.044099,0.014496,-0.039521,0.0038148,0.25742,0.016938,0.033722
-0.045319,0.034333,-0.062104,-0.11643,-0.0047303,0.33341,0.026703,0.014191
-0.044709,-0.033417,-0.11643,-0.16739,-0.0065614,0.60472,0.061494,0.0016785
-0.052949,-0.15457,-0.44297,-0.16403,-0.024262,0.51164,0.082246,0.00045777
-0.023346,-0.029755,-0.59312,-0.17288,-0.035859,0.18997,0.070039,0.0032044
-0.010834,-0.021515,-0.2916,-0.23575,-0.019379,-0.0053407,0.042267,0.017243
-0.045624,0.043793,0.63462,-0.21164,-0.037385,-0.15152,0.051728,0.042878
-0.066072,0.079805,0.98863,0.039826,-0.012665,-0.12741,0.016938,0.014801
-0.0019837,-0.00045777,0.1146,0.013581,0.057832,-0.21408,-0.039216,-0.043793
0.053559,0.10758,-0.598,-0.19089,0.052949,-0.29984,-0.015717,-0.0096132
-0.032807,0.019379,-0.47318,-0.20737,-0.020294,-0.41001,0.014801,0.057221
-0.025483,0.002594,-0.18143,-0.19272,0.043183,-0.57908,-0.037079,-0.0096132
0.018158,-0.12833,-0.026703,-0.2034,0.053254,-0.24949,-0.062104,-0.0044251
0.040436,-0.19272,0.19394,-0.10697,-0.0080873,-0.034028,-0.020294,0.048066
0.051728,-0.14817,-0.03769,-0.14725,-0.0041199,0.087739,0.02884,0.089265
0.021515,-0.027619,-0.39841,-0.10117,0.0080873,0.14389,0.039521,0.098421
-0.011444,0.29435,-0.1387,-0.11398,0.020905,0.18509,0.035859,0.08011
-0.030671,0.35172,0.0013733,-0.18814,0.027314,0.32212,0.024872,0.041657
-0.041047,0.076753,0.030976,-0.15213,-0.0053407,0.38224,0.024262,0.013581
-0.040742,0.05539,-0.022126,-0.10697,-0.019684,0.62791,0.07126,-0.0032044
-0.052644,-0.31174,-0.23392,-0.14755,-0.018463,0.39841,0.067903,-0.015717
-0.057221,-0.57572,-0.43473,-0.15335,-0.020294,0.10483,0.025177,-0.035859
-0.037385,-0.14633,-0.29984,-0.082856,-0.035859,-0.0099184,-0.0047303,-0.019074
-0.014191,0.3386,0.17472,-0.0074769,-0.0028992,-0.15457,0.0032044,-0.002594
-0.029755,0.29221,0.89586,-0.078279,0.027619,-0.15824,0.0383,0.0065614
-0.093538,-0.067903,0.46311,-0.17472,0.048981,-0.28244,-0.0068666,-0.020905
-0.010529,-0.012055,-0.54032,-0.19394,0.052949,-0.27024,-0.055085,-0.063935
0.025788,-0.13382,-0.30259,-0.16617,0.048066,-0.54917,-0.054475,-0.059358
-0.077668,-0.41764,-0.016022,-0.039521,0.022126,-0.51377,-0.045624,0.0050355
-0.052644,-0.32364,0.034333,-0.095369,0.052949,-0.16007,-0.05478,-0.0206
-0.034943,-0.10208,-0.15854,-0.18143,0.043183,0.0068666,-0.0013733,0.012665
-0.026703,-0.0022889,-0.028534,-0.18204,-0.0074769,0.12558,0.051423,0.061189
0.012665,0.069123,-0.11765,-0.15,0.0032044,0.12741,0.0080873,-0.010224
-0.0032044,0.065156,-0.096895,-0.14389,0.0080873,0.24887,0.0086976,-0.014191
-0.045624,0.0053407,-0.121,-0.067597,-0.0047303,0.32792,0.0099184,0.02121
-0.0047303,-0.069734,-0.023041,-0.053254,-0.0032044,0.45945,0.017243,0.020905
0.0050355,-0.036469,-0.040131,-0.1149,-0.0044251,0.62638,0.069123,0.034943
-0.045319,-0.031891,-0.07187,-0.13352,-0.011444,0.26047,0.078279,0.038911
-0.039826,0.081941,-0.052338,-0.12802,-0.0047303,0.039521,0.050507,-0.0062562
-0.023041,0.042267,-0.055085,-0.13169,0.0099184,-0.099336,0.034333,-0.0080873
-0.023346,-0.027924,-0.062715,-0.10971,-0.009308,-0.1442,-0.0019837,0.016938
-0.064851,-0.10758,-0.044709,-0.023651,-0.0019837,-0.1677,-0.011444,0.00076295
-0.015717,-0.20249,-0.074922,-0.048981,0.022736,-0.28275,-0.016327,0.0074769
0.055695,0.20188,-0.098116,-0.18418,0.026703,-0.30686,-0.021515,-0.0074769
-0.019684,0.22568,-0.012055,-0.34195,0.02121,-0.6099,-0.016632,0.0053407
-0.043183,0.022126,-0.063325,-0.4741,0.019989,-0.37522,-0.036774,0.023041
-0.024872,-0.11398,-0.037079,-0.23758,0.00045777,-0.065156,-0.032807,-0.00076295
-0.045014,-0.25193,-0.19486,-0.095674,0.0090028,0.048676,0.009308,0.018769
-0.056001,-0.57298,-0.19974,0.10422,0.027619,0.13107,0.030365,0.016632
-0.03769,-0.1796,-0.031891,0.092317,0.045014,0.12253,0.031281,-0.009308
-0.016938,0.027924,0.14755,-0.088655,0.018769,0.30014,0.02182,0.00045777
-0.041352,0.056001,0.15671,-0.24643,-0.0022889,0.31998,0.033112,0.031281
-0.0065614,0.080415,-0.16648,-0.25315,-0.010529,0.59007,0.04715,0.014191
-0.010529,-0.0083925,-0.16129,-0.099947,-0.019684,0.51652,0.042878,0.025483
-0.019074,0.0096132,-0.16464,-0.12528,0.0090028,0.17563,0.027008,0.022736
-0.00076295,0.052644,-0.055085,-0.12772,0.0053407,0.01236,0.027008,-0.0053407
-0.00015259,0.061799,0.18692,-0.23972,-0.0013733,-0.12253,-0.0028992,0.0019837
-0.048371,-0.0016785,0.055085,-0.42771,0.0096132,-0.13565,-0.0083925,0.0050355
-0.059358,0.036164,-0.37034,-0.11734,-0.0032044,-0.21714,-0.010834,0.0019837
-0.040742,-0.028534,-0.096284,-0.0044251,0.0096132,-0.31937,-0.045319,-0.022126
-0.039826,0.029755,-0.057832,0.23209,0.011139,-0.45335,-0.034638,-0.012665
0.012665,0.25589,-0.47623,0.22995,0.022126,-0.59037,-0.069123,0.02121
0.034028,0.34928,-0.066987,-0.23209,0.047761,-0.26658,-0.045624,0.049592
0.014801,0.092317,0.082551,-0.30106,-0.010529,-0.0022889,0.015412,0.060578
0.030976,-0.32181,0.64042,-0.1677,0.0068666,0.13962,-0.016327,0.019684
-0.05478,-0.73686,0.3566,-0.053254,0.035554,0.13565,-0.027619,-0.0065614
-0.061494,-0.22751,-0.36667,-0.13474,0.034943,0.16709,0.027314,0.0053407
-0.045319,0.14023,-0.43687,-0.11368,0.0077821,0.31235,0.058442,0.0077821
-0.043183,-0.0099184,-0.25559,-0.1915,0.0050355,0.39139,0.061189,0.00045777
-0.014191,0.044709,-0.121,-0.2031,-0.012055,0.65263,0.065156,0.02945
-0.043793,-0.027619,0.089876,-0.039521,-0.034943,0.37858,0.07248,0.041047
-0.057221,-0.08011,0.14511,-0.030365,-0.021515,0.093843,0.050202,0.019684
-0.027008,-0.13901,-0.02884,-0.18357,0.011444,-0.053254,-0.0010681,-0.00015259
-0.019684,-0.38651,-0.023957,-0.30228,-0.0032044,-0.14237,-0.0013733,0.0050355
-0.010834,-0.077974,-0.24552,-0.17655,-0.049592,-0.15061,0.030365,0.022736
-0.025177,0.14267,0.37064,-0.03769,0.0038148,-0.26047,-0.00076295,-0.009308
0.017548,0.7396,-0.56992,-0.20951,0.046845,-0.32151,-0.030671,-0.029145
-0.016327,0.56657,-0.70573,-0.215,0.023346,-0.55741,-0.020294,0.0041199
0.031891,0.25193,-0.041962,-0.13962,0.017853,-0.49424,-0.032502,0.025788
-0.043183,-0.37217,0.41978,-0.26047,0.023957,-0.1738,0.0010681,0.091707
-0.072175,-0.90471,0.48722,-0.42008,0.034943,0.03006,-0.0050355,0.065156
-0.058747,-0.32059,-0.22599,-0.24613,0.015412,0.17685,-0.017548,0.0047303
-0.0013733,0.076753,-0.29068,-0.053254,0.0013733,0.12009,-0.0068666,-0.01297
-0.04715,-0.077668,0.092012,0.60929,-0.027314,0.1915,0.027619,0.0016785
-0.089876,-0.50767,0.53361,0.1619,0.013581,0.29801,0.039521,0.013275
-0.069429,-0.20737,-0.42588,-0.28122,0.027008,0.51377,0.024262,-0.010529
-0.05539,0.11582,-0.5687,-0.14694,-0.056916,0.62669,0.075227,-0.0044251
0.00045777,0.22568,-0.35325,-0.17929,-0.0068666,0.26139,0.056611,-0.024262
-0.01236,0.15213,0.013275,-0.090791,0.06302,0.056916,0.04593,-0.0068666
-0.016632,0.2446,-0.24979,-0.38682,0.02182,-0.08011,0.02182,0.012665
-0.048371,0.0019837,0.38315,-0.052338,-0.028229,-0.13993,-0.016938,-0.0022889
-0.044404,-0.18631,0.22965,-0.0050355,0.0074769,-0.18723,-0.018463,-0.024262
-0.03769,-0.20554,0.19547,-0.12924,0.034943,-0.3212,-0.0035096,-0.013275
-0.0071717,-0.0022889,0.21897,-0.15732,0.02182,-0.33066,-0.0056458,0.0050355
-0.036774,0.031586,0.077974,-0.16068,0.017853,-0.60868,-0.037079,-0.0083925
0.033112,0.056611,-0.12924,-0.1799,0.027924,-0.32578,-0.056916,0.00076295
0.0077821,-0.031586,-0.36454,-0.17472,0.022126,-0.077363,-0.046845,0.018769
-0.045014,-0.12497,-0.44968,-0.13138,-0.0062562,0.055695,-0.0053407,0.045319
-0.059052,-0.25834,-0.17563,-0.086519,0.01297,0.14176,0.018769,-0.022126
-0.0019837,-0.036774,0.33616,-0.053254,0.012055,0.11734,0.027008,-0.0096132
0.053864,0.036469,0.14817,-0.14603,0.0032044,0.27848,0.025177,0.013581
-0.0013733,-0.022126,-0.1033,-0.17777,-0.0050355,0.31846,0.043488,0.040436
-0.057221,-0.049897,-0.16892,-0.24308,-0.010834,0.61875,0.07187,0.06363
-0.064546,-0.034028,-0.090791,-0.15,-0.018463,0.52445,0.077363,0.032197
-0.043488,-0.050507,-0.07248,-0.10666,-0.018769,0.1735,0.037385,0.0090028
-0.039826,-0.17746,0.087129,0.067597,0.025483,0.0041199,0.021515,-0.012055
-0.044404,-0.15366,-0.17563,-0.052949,0.053559,-0.13382,-0.0096132,0.016022
-0.022126,-0.033417,-0.27604,-0.17685,0.0047303,-0.16037,-0.02884,0.019379
0.042878,0.19272,-0.080415,-0.26505,-0.010529,-0.25315,-0.010529,0.030365
0.057221,0.3624,-0.064851,-0.25345,0.0038148,-0.29862,-0.017243,0.045624
-0.00076295,0.46189,-0.10025,-0.26993,-0.002594,-0.43534,-0.038911,-0.0028992
-0.029755,0.23972,0.036469,-0.10575,0.013581,-0.57908,-0.050507,-0.014191
0.033722,0.13596,-0.099641,-0.13107,0.050507,-0.22751,-0.045624,-0.0013733
-0.066987,-0.2266,-0.10941,-0.10697,0.013581,-0.015717,0.019074,0.023041
-0.11704,-0.81498,-0.33219,-0.1384,-0.0065614,0.078584,0.033112,0.017243
-0.13016,-0.39261,0.12833,-0.13565,0.016022,0.12924,0.030365,-0.020905
-0.073701,-0.0096132,-0.018463,-0.065461,0.011139,0.17014,0.011444,-0.023346
-0.02945,-0.012055,-0.017548,-0.032807,0.040436,0.30625,0.00045777,-0.033112
-0.0028992,-0.13382,0.091096,-0.018158,0.027314,0.36027,0.033722,-0.022736
0.023651,-0.063325,-0.0056458,-0.052644,-0.0065614,0.65843,0.07126,0.015106
0.0032044,0.051423,-0.027924,-0.1915,-0.043488,0.38254,0.074006,0.051728
-0.018158,0.1146,-0.22202,-0.27329,-0.024872,0.11734,0.034333,0.025177
-0.025483,0.036469,-0.19272,-0.19699,0.00045777,-0.059358,0.0013733,-0.0056458
-0.031586,-0.067597,-0.14908,-0.011139,-0.0010681,-0.13901,0.005951,0.0047303
-0.0383,-0.084382,-0.002594,-0.0071717,0.0077821,-0.13962,-0.015106,0.0019837
-0.02121,0.019379,-0.27207,-0.24094,0.009308,-0.28153,-0.024872,-0.010529
-0.024872,0.087739,0.11826,-0.32303,0.0053407,-0.29282,-0.015717,0.00045777
-0.041047,0.070649,0.42161,-0.36027,-0.0022889,-0.5391,-0.047456,0.01297
-0.016938,-0.056611,0.17899,-0.20096,0.048981,-0.47807,-0.067597,0.0086976
0.014191,0.084077,-0.12314,-0.089265,0.030976,-0.15457,-0.022126,0.031281
0.016022,0.25437,-0.38285,0.10178,0.0028992,0.042878,0.027008,0.05417
0.01297,0.060578,-0.16464,0.20218,0.009308,0.14817,0.02182,0.049287
-0.0086976,-0.23148,0.011749,-0.15183,0.011139,0.0795,-0.00045777,0.02945
-0.077668,-0.66453,0.17472,-0.18173,0.015717,0.24521,0.024872,0.015717
-0.073396,-0.34989,0.13107,-0.1735,-0.0062562,0.33677,0.019074,0.0099184
-0.045319,-0.08072,-0.12558,-0.077668,0.009308,0.49302,0.042878,-0.00045777
-0.061494,0.0096132,-0.45304,-0.049592,-0.015717,0.58579,0.12009,0.013275
-0.013581,0.061189,-0.15976,-0.17502,0.013581,0.25895,0.059052,-0.024567
-0.01236,0.25772,-0.10727,-0.17899,0.017548,0.024567,0.020905,-0.036774
-0.059968,0.23148,-0.14084,-0.15854,0.0032044,-0.095674,0.014801,-0.027008
-0.02945,0.073396,0.0013733,-0.15396,0.035859,-0.13504,-0.029755,-0.046845
-0.033417,-0.35477,0.11337,-0.12253,0.025483,-0.17258,-0.0074769,-0.0044251
-0.056001,-0.55467,-0.22293,-0.14206,0.017243,-0.28672,0.0086976,0.025177
-0.016938,-0.18814,-0.28061,-0.18753,0.002594,-0.3331,-0.024567,0.023346
0.094759,0.12467,-0.02884,-0.18326,0.0090028,-0.61845,-0.039521,-0.0022889
0.030365,0.31662,0.031891,-0.12589,0.0077821,-0.3624,-0.00045777,0.030365
-0.0090028,0.22141,0.35569,-0.042573,0.02121,-0.05539,0.016938,0.052338
-0.048981,0.037385,0.18387,-0.098726,0.033112,0.081025,0.022126,0.025177
-0.06363,-0.059663,0.048981,-0.168,0.011749,0.1268,0.027619,0.016632
-0.059358,-0.12863,-0.27237,-0.13321,0.0050355,0.12772,0.029755,0.011444
-0.032502,0.12985,-0.27207,-0.2034,0.016938,0.25895,0.027314,0.0035096
-0.043488,-0.011444,-0.027924,-0.082551,-0.0044251,0.31388,0.041962,0.016022
-0.015717,-0.07187,0.010529,-0.1091,-0.025177,0.60563,0.074006,0.037385
0.0074769,0.12833,-0.05478,-0.15152,-0.024262,0.51652,0.07187,0.044099
0.00045777,0.15213,-0.1387,-0.19577,-0.014191,0.20127,0.037385,0.012055
0.019989,0.17716,-0.073091,-0.067597,-0.0206,-0.02182,0.0050355,0.01297
-0.035248,0.013275,-0.11704,-0.12467,0.010529,-0.14817,-0.024567,0.0065614
-0.056001,-0.2562,-0.094148,-0.1268,0.00076295,-0.13779,-0.02945,-0.0090028
-0.059052,-0.62821,-0.086213,-0.13687,-0.0071717,-0.22263,-0.010834,-0.039521
-0.022431,-0.39658,-0.11368,-0.15854,0.014191,-0.27085,0.0032044,-0.011139
-0.062715,-0.14267,-0.10147,-0.13138,0.016632,-0.41947,-0.022126,0.012055
-0.036469,0.061189,-0.12253,-0.095674,0.026093,-0.57237,-0.056001,0.002594
-0.013275,0.094759,0.038605,-0.075837,0.048066,-0.24613,-0.023651,0.0050355
-0.00015259,0.1854,0.21347,-0.10575,0.03769,-0.033417,-0.031586,0.027619
-0.043183,-0.058137,0.015717,-0.12894,0.025788,0.099336,-0.0047303,0.015717
-0.037079,-0.05478,-0.16587,-0.23545,0.026093,0.12528,0.015412,-0.0013733
-0.0090028,0.068208,-0.20005,-0.13443,0.0019837,0.16678,0.0013733,-0.01236
0.021515,0.1976,-0.22599,-0.13352,0.0099184,0.30259,0.015717,0.0028992
-0.022431,-0.0022889,-0.24949,-0.15518,-0.0074769,0.36423,0.035859,0.017853
-0.045014,-0.23056,-0.20981,-0.18509,-0.029145,0.65721,0.065766,0.011444
-0.042573,-0.011444,0.48386,-0.085298,-0.015717,0.37003,0.068513,-0.010834
-0.066072,-0.074311,0.08835,-0.1091,-0.026398,0.091707,0.043793,-0.022431
-0.044404,-0.17166,-0.12375,-0.12741,-0.0068666,-0.048981,0.013886,-0.0053407
-0.041047,-0.14267,0.070649,-0.09659,-0.0032044,-0.13199,0.023346,0.013581
-0.039521,-0.099947,0.016327,-0.14725,0.0019837,-0.16831,0.0047303,0.0065614
-0.022431,-0.0041199,-0.092012,-0.13718,0.0028992,-0.29068,-0.016632,0.011749
-0.014801,0.0206,-0.19425,-0.15702,0.010529,-0.28885,-0.014801,0.027924
-0.0056458,0.026093,-0.15183,-0.15457,0.033722,-0.52293,-0.0383,0.019684
0.00076295,0.089265,-0.19974,-0.16678,0.046235,-0.48386,-0.033722,0.016022
-0.0022889,0.029755,-0.036774,-0.18906,0.052949,-0.12161,-0.020905,0.033417
-0.019379,0.009308,-0.058442,-0.12467,0.044404,0.009308,0.0013733,0.019379
0.011444,-0.21347,0.0065614,-0.10575,0.027008,0.11673,0.024872,0.011139
0.046235,-0.30014,-0.066682,-0.11978,0.019684,0.11093,0.023651,0.049287
-0.013581,-0.24369,-0.1207,-0.13107,-0.011139,0.21103,0.048371,0.067903
-0.08072,-0.19211,0.4686,-0.051728,-0.030365,0.32456,0.044099,0.033722
-0.04715,0.38041,0.38804,-0.10513,-0.01236,0.51377,0.037995,-0.0047303
-0.10513,0.50431,-0.31022,-0.027314,-0.032197,0.62821,0.074311,-0.0071717
-0.059968,0.40818,-0.3331,-0.075227,-0.0074769,0.27481,0.055085,-0.039216
-0.10147,-0.1796,-0.47349,0.022126,0.032197,0.031586,0.012055,-0.055085
-0.097505,-0.75914,-0.36484,-0.1561,0.033722,-0.10971,0.018769,-0.052949
-0.04654,-0.15702,-0.088045,-0.21592,0.025177,-0.14023,0.02182,-0.055695
0.034943,0.013581,0.0086976,-0.19364,-0.017548,-0.19089,0.02182,-0.0053407
0.055695,0.045319,0.25528,-0.15946,0.0077821,-0.30869,-0.0065614,0.0047303
0.025177,0.27359,-0.050813,-0.17533,0.011139,-0.33616,-0.01297,0.037079
-0.026398,0.25803,0.048066,-0.18296,0.031281,-0.61936,-0.046845,0.016938
-0.022431,0.55131,-0.14755,-0.15274,0.017853,-0.36576,-0.037385,0.002594
-0.0041199,0.31052,-0.045014,-0.13596,0.022126,-0.059358,-0.0383,0.017548
-0.0383,-0.42039,-0.033112,-0.12955,0.034028,0.092622,-0.019074,0.036774
-0.045014,-0.51865,-0.050507,-0.12314,0.0071717,0.14786,0.032197,0.031891
-0.031891,-0.77256,-0.11856,-0.17502,-0.0044251,0.11337,0.033112,0.018769
-0.072786,-0.5742,-0.11734,-0.15457,-0.011444,0.26871,0.013581,0.033112
-0.065461,-0.030365,-0.031891,-0.10452,-0.018158,0.34226,0.061494,0.051423
-0.0056458,0.10727,-0.043793,-0.10575,-0.0032044,0.598,0.052338,0.018769
-0.0056458,0.065156,-0.049287,-0.11124,-0.0041199,0.52354,0.079194,0.011444
0.019684,0.056001,-0.045624,-0.13779,-0.0032044,0.168,0.068208,0.015106
0.017548,0.16983,0.017853,-0.088655,0.0065614,-0.014191,0.019684,0.03769
-0.00015259,0.21439,-0.022431,-0.10849,0.02121,-0.12039,0.0028992,0.048371
-0.0074769,0.11215,-0.033722,-0.15335,0.027924,-0.1268,-0.0090028,0.025483
-0.034333,0.0022889,-0.032502,-0.1561,-0.00045777,-0.25254,-0.026398,-0.0022889
-0.042573,-0.1326,-0.07248,-0.14359,0.0047303,-0.28244,-0.043183,-0.0383
-0.016327,-0.47959,-0.24704,-0.20554,0.017853,-0.42252,-0.052033,-0.02884
-0.0047303,-0.28458,-0.55192,-0.2034,0.011139,-0.56809,-0.048371,0.014191
-0.051423,0.095674,-0.38285,-0.20829,-0.009308,-0.21592,-0.015412,0.029755
-0.054475,0.25162,0.41093,0.064851,0.009308,-0.024872,-0.023041,-0.0032044
0.0096132,0.18448,0.63798,0.098726,0.041047,0.10483,-0.026398,-0.032807
-0.034638,-0.048066,0.21897,-0.085603,0.048371,0.12772,0.016632,0.022126
-0.050813,-0.053864,-0.090181,-0.27146,0.049897,0.16403,0.030365,0.045624
-0.049592,-0.18265,-0.37919,-0.49119,0.012055,0.29221,0.041657,0.030976
-0.017548,-0.11093,-0.10849,-0.18143,-0.032502,0.36088,0.027924,0.0013733
-0.019379,-0.048676,0.0047303,-0.05539,-0.041352,0.65202,0.060578,0.013581
-0.039826,-0.063935,-0.12375,-0.025483,-0.028229,0.39902,0.090486,0.02884
-0.022126,0.26963,-0.28244,-0.056611,0.0086976,0.13199,0.056001,-0.024567
-0.041352,0.094148,-0.20706,-0.069123,0.019684,-0.065461,0.0074769,-0.0062562
0.0038148,-0.040742,0.019684,-0.11246,0.026093,-0.13901,-0.0035096,0.014191
-0.017548,-0.031891,-0.061189,-0.15518,0.0099184,-0.13779,0.0010681,0.027619
-0.033722,-0.13077,-0.0035096,-0.1445,-0.0056458,-0.31113,-0.0062562,0.022736
-0.020905,-0.17502,0.0065614,-0.12131,0.010834,-0.29648,-0.013275,0.0086976
-0.0019837,-0.081636,-0.052338,-0.1091,0.02884,-0.54276,-0.024567,0.0016785
-0.018158,-0.023957,-0.050813,-0.13443,0.037079,-0.47044,-0.016327,0.019379
-0.016938,0.052644,-0.030671,-0.14389,0.041047,-0.12772,-0.010224,0.017243
-0.010529,0.29557,-0.024567,-0.14389,0.036164,0.012665,0.013581,0.012055
-0.0065614,0.069123,-0.076143,-0.15152,0.0071717,0.14908,0.031586,0.027924
-0.0044251,-0.094759,-0.055695,-0.14939,-0.0096132,0.10758,0.022126,0.036164
-0.04654,-0.22263,-0.062715,-0.13748,0.0041199,0.23606,0.022736,0.03769
-0.066987,-0.28946,-0.033112,-0.13199,0.0010681,0.31968,0.038911,0.023651
-0.090791,-0.15579,0.011749,-0.11704,-0.0074769,0.50553,0.065156,0.0019837
-0.038605,-0.040436,-0.19547,-0.13382,-0.0096132,0.60624,0.082246,-0.0013733
-0.0383,0.051118,-0.28214,-0.099031,-0.0041199,0.25895,0.07187,-0.0041199
-0.00076295,0.29282,0.0099184,-0.11521,0.00076295,0.064546,0.024872,-0.0041199
-0.041352,0.017853,0.37186,-0.010529,0.0065614,-0.092317,-0.030365,0.0068666
-0.030365,-0.074922,-0.00015259,-0.0972,0.0206,-0.16648,-0.017243,0.0013733
-0.063325,-0.19028,-0.27481,-0.013581,0.027314,-0.19455,-0.00015259,-0.0065614
-0.053559,-0.55161,-0.51621,-0.38834,0.031281,-0.29587,-0.019074,-0.0028992
-0.0041199,-0.090181,-0.035554,-0.62974,0.033417,-0.34958,-0.032502,-0.017243
0.019684,0.28336,0.15702,-0.45151,-0.026703,-0.63188,-0.043793,0.031891
-0.030365,0.26139,0.31479,-0.011444,-0.0068666,-0.32456,-0.030365,0.0047303
-0.010834,0.084382,0.019684,0.39231,0.035554,-0.067903,-0.026703,-0.015717
0.0028992,-0.16831,-0.19364,0.26963,0.051728,0.057527,-0.027619,-0.025177
-0.041962,-0.36667,-0.7158,-0.49577,0.0050355,0.13809,0.015717,0.012055
-0.018463,-0.13413,-0.70237,-0.52323,0.017548,0.17227,-0.0035096,-0.012665
0.023346,0.40146,-0.13107,-0.27146,0.013581,0.27268,0.035554,-0.0032044
-0.00076295,0.57328,1.2486,0.14633,-0.033417,0.30564,0.047456,0.046845
-0.052033,0.1091,0.96361,0.58915,-0.0022889,0.64012,0.061799,0.03006
0.0035096,-0.052949,-0.22141,0.066987,0.03769,0.52598,0.043488,-0.013581
-0.06363,-0.55009,-0.50736,-0.103,0.0032044,0.16678,0.032807,-0.0068666
-0.12741,-1.0124,-0.32029,-0.23941,-0.0062562,-0.02121,0.027924,0.0035096
-0.035248,-0.21988,-0.13443,-0.309,0.032807,-0.16464,-0.0044251,-0.036774
-0.0013733,0.13382,-0.05478,-0.27543,-0.033417,-0.15915,0.030365,0.019379
0.00076295,0.31815,-0.15396,-0.29801,-0.032197,-0.26047,0.015412,0.026093
0.0099184,0.24338,-0.077058,-0.16709,0.010529,-0.28122,-0.0206,-0.012055
0.0035096,0.14633,-0.011749,-0.13596,0.027008,-0.42466,-0.018769,0.015412
0.002594,-0.00045777,-0.29892,-0.12528,0.035554,-0.57633,-0.013275,0.030976
-0.040436,-0.14481,-0.1857,-0.092317,0.039216,-0.19852,-0.019379,0.041047
-0.069734,-0.49485,0.0383,-0.17594,0.054475,-0.011444,-0.017548,0.031281
-0.01297,-0.087434,-0.036469,-0.16587,0.030365,0.10483,0.00045777,0.0071717
-0.022736,-0.010224,0.17166,-0.14267,0.0041199,0.11917,0.0053407,0.0056458
-0.022736,0.31754,0.036469,-0.099336,0.0050355,0.15732,0.045319,0.043183
-0.00045777,0.36851,0.070344,-0.084993,-0.01297,0.31968,0.037385,0.036774
-0.031281,0.10544,-0.06424,-0.0071717,-0.014496,0.41123,0.034028,0.02884
-0.092012,-0.14847,-0.42252,-0.087739,-0.0083925,0.67033,0.054475,0.026093
-0.081331,-0.39078,-0.18296,-0.1796,0.030365,0.38315,0.022736,-0.060578
-0.040742,-0.3563,0.18601,-0.1799,0.010529,0.081025,0.023041,-0.053559
-0.031281,-0.1915,0.19791,-0.10941,0.00076295,-0.084077,0.023041,0.009308
0.023346,0.094453,-0.41062,-0.2031,0.019074,-0.12955,-0.011139,0.034943
0.048981,0.056611,-0.10636,-0.13748,-0.015717,-0.14389,-0.019684,0.051423
0.0080873,0.040131,-0.37522,-0.25925,0.013275,-0.29892,-0.0083925,0.054475
-0.011444,0.0016785,0.045624,-0.22721,0.021515,-0.30167,-0.014801,0.045624
-0.026703,-0.15183,0.47745,-0.053559,0.017548,-0.55741,-0.034943,0.0028992
-0.0022889,-0.087434,-0.19913,-0.078889,0.027314,-0.49363,-0.056611,-0.0013733
0.025788,0.069734,-0.26352,-0.15732,0.042878,-0.086519,-0.018463,0.0035096
-0.015106,0.20462,-0.26719,-0.18509,0.036164,0.036469,0.037385,0.031891
-0.0022889,0.2385,-0.077058,-0.16159,-0.0035096,0.13321,0.048066,0.024262
-0.035859,0.11154,0.11063,-0.075837,0.0050355,0.12161,0.025177,-0.00015259
-0.062104,-0.076753,0.38254,-0.055085,0.0206,0.25437,0.029755,0.0050355
-0.13169,-0.20188,-0.15488,-0.040436,0.015412,0.32273,0.034943,-0.0028992
-0.10636,-0.044099,-0.24125,0.0013733,0.0090028,0.51499,0.019379,-0.032807
-0.061494,-0.20157,-0.0383,-0.063325,-0.015717,0.59983,0.070344,-0.021515
-0.040742,-0.18082,0.11276,-0.13718,-0.025788,0.24002,0.055695,-0.0056458
-0.0044251,0.12009,0.012055,-0.19272,-0.031586,0.037995,0.018769,-0.017548
0.022126,0.096284,-0.00076295,-0.28702,-0.021515,-0.10666,0.0016785,0.0053407
0.075532,0.13474,-0.3566,-0.12528,-0.0050355,-0.15976,0.0010681,0.017243
-0.0047303,0.0077821,-0.36912,-0.087129,-0.016938,-0.19516,0.02121,0.027008
-0.029755,-0.28489,0.18692,-0.051118,0.031281,-0.29648,-0.033722,0.016938
0.032807,-0.22599,0.41093,-0.14084,0.037385,-0.32822,-0.0056458,0.02945
0.016938,-0.12894,-0.21805,-0.31785,0.033417,-0.60563,-0.0035096,0.070649
-0.024872,-0.1619,-0.24979,-0.309,0.023346,-0.34836,-0.043793,0.041657
-0.047761,0.34287,-0.095979,-0.14664,-0.0028992,-0.083772,-0.013581,0.016022
0.0010681,0.3035,-0.041657,-0.095369,0.03769,0.072786,-0.0019837,0.0080873
-0.022736,0.19272,0.0080873,-0.12284,0.031586,0.13779,0.031586,0.026093
-0.078279,0.23453,-0.067292,-0.11856,0.0074769,0.15976,0.026093,0.037385
-0.077668,-0.42405,-0.11063,-0.092927,0.016022,0.31235,0.019989,0.005951
-0.059968,-0.65629,-0.10208,-0.058442,0.021515,0.32181,0.035859,-0.0032044
-0.061799,-0.48203,-0.04593,-0.082856,-0.00015259,0.58549,0.063325,0.013581
-0.077668,-0.61753,-0.011749,-0.14969,-0.014801,0.48753,0.06302,-0.00076295
-0.0383,0.18631,-0.016327,-0.11063,-0.0065614,0.18692,0.054475,-0.02945
-0.025483,0.40818,-0.40665,-0.014191,-0.01297,-0.020294,0.016632,-0.025483
-0.019074,0.050507,-0.65049,-0.19944,0.0010681,-0.12497,-0.01236,-0.030365
0.0013733,-0.1384,-0.24857,-0.13352,-0.022736,-0.14054,-0.00076295,0.0068666
-0.013275,-0.10452,0.74968,-0.02884,-0.018769,-0.28092,-0.0050355,0.032197
-0.0383,-0.055695,0.68406,0.091096,0.034333,-0.29099,-0.024872,0.02945
0.012665,0.083772,-0.32792,-0.3679,0.056916,-0.43534,-0.059663,0.0050355
0.0096132,0.35386,-0.10422,-0.31785,0.009308,-0.54429,-0.068818,-0.022431
0.026093,0.21622,0.22599,-0.16892,0.0056458,-0.23087,-0.033112,0.0053407
-0.0047303,0.11398,-0.2269,-0.18418,0.033722,-0.027008,-0.040742,0.025483
-0.038911,0.059663,-0.21805,-0.13535,-0.013275,0.12924,0.014801,0.041047
-0.069429,-0.13046,-0.07248,-0.046235,0.0068666,0.14542,0.024262,-0.0041199
-0.034333,-0.29679,-0.44999,-0.060578,0.033722,0.18967,0.016938,-0.028229
-0.022126,0.0019837,-0.057832,-0.15457,0.036774,0.31907,0.026703,0.0047303
-0.084077,-0.01297,0.19333,-0.1146,-0.0044251,0.39445,0.050507,0.05417
-0.084993,-0.018158,-0.12711,-0.12039,-0.033112,0.65049,0.076143,0.034028
-0.040436,-0.11643,-0.19486,-0.1265,-0.018158,0.36271,0.055085,-0.010224
-0.026703,-0.14267,-0.074617,-0.13443,-0.0080873,0.072175,0.056306,-0.0056458
-0.032807,-0.095674,0.27176,-0.069734,0.0028992,-0.0795,0.039216,0.026093
-0.014496,-0.12589,0.17105,-0.10513,0.022126,-0.15488,0.019379,0.015106
0.005951,-0.15213,0.060273,-0.16892,0.017853,-0.13504,-0.0074769,0.015717
0.017243,0.044404,-0.15732,-0.13718,-0.021515,-0.29343,-0.0019837,0.031891
-0.0010681,0.18387,-0.30564,-0.14725,-0.0022889,-0.29953,-0.023041,0.015717
-0.010834,-0.013886,-0.12314,-0.15396,0.046235,-0.54826,-0.041352,-0.024262
0.0050355,0.026093,-0.02182,-0.11765,0.049897,-0.47898,-0.032502,0.01297
-0.0056458,0.098421,0.040131,-0.20584,0.025177,-0.12558,-0.018158,0.035859
-0.026398,-0.024262,-0.0062562,-0.17868,0.0099184,0.036469,-0.0068666,0.015717
0.0013733,-0.16342,-0.07248,-0.18875,-0.0065614,0.14817,0.00045777,-0.0022889
-0.027619,-0.18387,-0.16953,-0.097505,0.027008,0.11978,0.023041,0.031281
-0.025483,-0.20676,-0.016632,-0.014801,0.065156,0.2327,0.016632,0.015717
-0.065156,0.15366,-0.084077,-0.18936,0.011749,0.27268,0.023346,-0.0050355
-0.060883,0.16434,0.035554,-0.103,-0.0019837,0.51408,0.035859,-0.00045777
-0.086213,-0.029755,-0.29953,-0.11521,-0.025483,0.60563,0.06302,0.016938
-0.047761,-0.17411,-0.24308,-0.15457,-0.022126,0.27176,0.068208,0.013886
-0.023651,-0.43503,-0.066377,-0.16068,-0.0019837,0.046845,0.015412,-0.015717
-0.061799,0.12161,0.058137,-0.10513,0.0074769,-0.12375,0.017548,-0.0047303
-0.041047,-0.0065614,0.036774,-0.040131,0.019684,-0.13413,-0.0041199,-0.032807
0.00076295,0.067597,-0.18936,-0.16983,0.033417,-0.19883,-0.010529,-0.036469
-0.015106,-0.054475,0.044099,-0.20279,0.0086976,-0.30167,-0.024567,0.0077821
-0.0035096,-0.083772,-0.00076295,-0.18296,-0.015412,-0.33616,-0.014496,0.011749
0.0074769,-0.077974,0.034028,-0.10147,0.016632,-0.56931,-0.061189,0.017548
0.019684,-0.005951,-0.19211,-0.10391,0.039521,-0.3328,-0.063935,0.034943
0.036164,0.11276,-0.34257,-0.16709,0.017243,-0.093843,-0.0022889,0.07187
-0.010834,0.13809,0.2211,-0.022431,0.0077821,0.064546,0.012665,0.090791
0.0028992,0.18662,0.44358,-0.023041,0.015412,0.13718,-0.0068666,0.042267
0.0065614,0.18418,-0.11215,-0.37003,0.014191,0.12528,0.032197,0.02945
0.011749,0.25834,-0.27634,-0.48722,-0.0041199,0.31266,0.060578,0.022736
-0.052949,0.043793,0.065156,-0.075227,-0.037079,0.34409,0.02121,0.025788
-0.11398,-0.40055,-0.23178,0.11124,-0.009308,0.61601,0.039216,-0.0010681
-0.076753,-0.32639,-0.24125,0.23209,0.025788,0.5098,0.054475,-0.071565
-0.069734,-0.36301,-0.2977,0.10208,-0.014801,0.14817,0.056306,-0.053254
-0.10758,-0.49607,-0.14328,-0.55222,-0.0071717,-0.038911,0.019379,-0.040742
-0.086824,-0.016327,-0.10208,-0.49058,-0.0010681,-0.16648,0.0053407,-0.055085
-0.027314,0.13016,0.074922,-0.20981,-0.020294,-0.14481,-0.0090028,-0.061799
-0.016938,-0.087434,-0.085908,0.18021,-0.0013733,-0.24735,-0.0090028,-0.015106
-0.014191,-0.13199,-0.09659,0.40299,0.0071717,-0.26841,-0.0050355,0.010529
-0.0047303,-0.26139,0.19516,-0.013581,0.017243,-0.46036,-0.030671,0.027314
-0.010529,-0.070039,0.13931,-0.30991,0.045319,-0.5388,-0.038605,0.023957
0.015412,0.23819,-0.048066,-0.28702,0.045624,-0.21866,-0.02884,0.012665
0.051118,0.33585,-0.088655,-0.21897,0.0053407,-0.027619,-0.02945,0.030365
0.0028992,0.27115,-0.10452,-0.15793,0.0068666,0.12131,0.00076295,0.070649
-0.015106,-0.19303,-0.078279,-0.15976,0.013886,0.12314,0.019379,0.050202
-0.022431,-0.3508,-0.039216,-0.15152,0.020905,0.17441,0.025788,0.031281
0.0077821,0.029145,-0.050813,-0.17563,-0.0013733,0.26047,0.04593,0.03769
-0.025788,0.097505,-0.20951,-0.18875,-0.0080873,0.39445,0.048066,0.048371
-0.064851,-0.10391,-0.23056,-0.19699,-0.0035096,0.69932,0.069429,0.045624
-0.077363,-0.16617,-0.078584,-0.11093,0.0032044,0.374,0.035248,-0.0074769
-0.077668,-0.15213,0.31662,0.11002,-0.0065614,0.075837,0.016632,-0.024872
-0.027314,-0.058137,-0.0068666,-0.067597,0.044099,-0.056306,-0.0068666,-0.070954
0.010529,0.18967,-0.38102,-0.14969,-0.00015259,-0.1622,0.0041199,-0.026398
0.017243,0.34226,-0.60807,-0.22568,-0.025177,-0.14206,0.0071717,0.015412
-0.0062562,0.18997,-0.30503,-0.22873,0.00045777,-0.29343,0.015412,0.031281
-0.045624,0.062409,0.26993,-0.15305,0.005951,-0.28916,0.0035096,0.022126
0.019989,-0.084993,0.58946,-0.14572,0.037079,-0.55894,-0.015412,-0.0080873
-0.016327,-0.12039,0.38193,-0.090791,0.037385,-0.45945,-0.025177,0.0041199
-0.019684,0.083467,-0.47929,-0.15213,0.03769,-0.1088,-0.018463,0.022736
-0.0074769,0.085603,-0.20493,-0.16342,0.045624,0.034028,0.0010681,-0.00045777
-0.034943,-0.16495,0.17075,-0.065156,-0.0056458,0.10971,0.0019837,0.012055
-0.089876,-0.33616,0.39597,-0.054475,-0.0019837,0.14908,0.013886,0.0047303
-0.039521,-0.25101,0.42527,-0.07126,0.029145,0.24521,0.025483,0.0050355
-0.051728,-0.23392,-0.038605,-0.15946,-0.018463,0.30167,0.03769,0.017548
-0.10819,-0.18082,-0.69352,-0.30442,-0.036469,0.50187,0.069429,0.034943
-0.065766,-0.053559,-0.32853,-0.15152,-0.032502,0.59403,0.055695,-0.024567
0.019989,-0.052033,-0.034333,-0.11551,0.0010681,0.2388,0.019684,-0.022431
0.059358,0.15457,-0.14664,-0.090486,0.02884,0.048981,0.011139,0.025483
-0.035248,0.12039,-0.15183,-0.092927,0.0028992,-0.10849,0.009308,0.019684
-0.028534,0.0065614,-0.15793,-0.10697,-0.0056458,-0.13748,0.0074769,0.015717
-0.022431,-0.048676,-0.014496,-0.11887,0.011139,-0.18692,-0.00045777,0.0013733
-0.013581,0.011444,-0.062409,-0.15122,0.027924,-0.29557,-0.009308,0.00045777
0.023346,-0.013581,-0.11032,-0.19364,0.033112,-0.35386,-0.043793,-0.0074769
0.024872,0.0047303,-0.16922,-0.24796,0.0032044,-0.63523,-0.031891,0.026093
-0.023041,0.054475,-0.1265,-0.23972,-0.002594,-0.34501,-0.012055,0.073701
-0.023041,-0.030671,-0.076143,-0.18936,0.039216,-0.043488,-0.024262,0.051118
-0.023651,-0.05539,0.17929,-0.093843,0.0206,0.070954,0.011444,0.039826
-0.016327,-0.070344,0.22629,0.097505,0.00045777,0.13809,0.03006,0.039826
-0.040436,-0.12192,-0.10941,0.052949,0.025177,0.13962,0.024872,0.021515
-0.049592,-0.072175,-0.27451,-0.056306,0.016938,0.2797,0.031891,0.016938
-0.073396,-0.046845,-0.036469,-0.17411,0.0090028,0.32975,0.035554,-0.0053407
-0.065766,-0.0077821,-0.0080873,-0.21103,0.0013733,0.64469,0.034943,-0.009308
-0.031281,0.1677,-0.067903,-0.1976,-0.031281,0.47105,0.058442,-0.0083925
-0.031281,0.17624,-0.072175,-0.25834,-0.026703,0.16922,0.041047,-0.0041199
-0.017548,0.22232,-0.15549,-0.11337,-0.0080873,-0.023651,0.023651,0.011444
-0.0050355,0.33433,-0.262,-0.10666,0.027008,-0.1503,0.0086976,-0.0080873
-0.053254,-0.27848,-0.029145,-0.12375,0.0010681,-0.19211,-0.027619,-0.0035096
-0.035554,-0.53239,-0.067292,-0.16922,0.0053407,-0.26047,-0.03769,-0.022431
-0.019684,-0.56352,-0.043793,-0.16739,0.0080873,-0.25559,-0.034333,-0.024872
-0.027619,-0.21836,0.33158,-0.11398,0.012055,-0.47074,-0.024872,-0.024262
-0.0050355,0.28,0.45975,-0.04715,0.030365,-0.54032,-0.035248,-0.020294
-0.020294,0.14054,-0.30564,0.051728,0.041657,-0.19669,-0.0053407,0.010834
0.010529,0.047456,-0.21225,-0.17014,0.076753,0.0090028,-0.011139,0.01297
-0.047456,-0.24582,-0.27481,-0.20157,0.030365,0.087739,0.0013733,0.023041
-0.057832,-0.44877,-0.31998,-0.25772,-0.015412,0.12406,0.02121,0.0086976
-0.042573,-0.15244,-0.042267,-0.13718,0.0016785,0.14481,-0.009308,-0.0065614
-0.031281,0.041657,0.0032044,-0.081331,-0.027008,0.28305,0.03769,0.018158
-0.017548,0.040131,-0.029145,-0.10544,-0.022126,0.43381,0.063325,0.023346
-0.023346,0.041352,-0.063325,-0.12802,-0.014496,0.6746,0.085603,0.027619
-0.013275,0.052644,0.0013733,0.011444,-0.010529,0.37339,0.074311,0.027314
-0.0056458,0.065156,-0.021515,-0.036774,-0.00045777,0.074617,0.038911,-0.0013733
-0.014496,0.059358,-0.068513,-0.11063,0.016632,-0.081636,0.027314,0.0035096
-0.028534,-0.055695,-0.10117,-0.2504,-0.0041199,-0.14817,-0.0013733,-0.00045777
-0.039826,-0.13352,-0.043793,-0.21225,-0.028229,-0.13993,-0.013581,0.0096132
-0.03769,-0.057832,-0.036469,-0.14572,0.0019837,-0.28855,-0.0053407,-0.002594
-0.028229,0.009308,-0.046845,-0.14084,0.023346,-0.29587,-0.014496,-0.025177
-0.020294,-0.0065614,-0.043183,-0.15549,0.014801,-0.54185,-0.038911,-0.014496
-0.037079,-0.08957,-0.080415,-0.15732,0.02945,-0.44938,-0.035859,0.0074769
-0.014496,-0.096895,-0.08011,-0.13504,0.015717,-0.12558,-0.021515,0.019684
0.0096132,0.16648,-0.031891,-0.15579,0.042878,0.045319,-0.0044251,0.025483
-0.0083925,0.13443,-0.031891,-0.14511,0.034333,0.14389,0.041047,0.05539
-0.0074769,0.16831,-0.011444,-0.1384,0.014801,0.074922,0.039826,0.049287
-0.0053407,0.069429,0.0016785,-0.27054,0.015412,0.23575,0.018158,0.011444
-0.030671,-0.06363,-0.10361,-0.31601,0.0056458,0.32792,0.015717,0.016938
-0.049287,-0.39445,-0.058137,-0.18936,-0.020905,0.5034,0.033417,0.016632
-0.035248,-0.23697,-0.10758,-0.022431,-0.012665,0.61662,0.058137,0.011139
-0.055695,-0.20737,-0.10208,0.25345,0.00045777,0.24186,0.035248,0.010529
-0.043488,-0.051728,-0.072786,0.27543,0.013886,0.016327,0.0383,0.0013733
-0.055695,0.073396,-0.084077,-0.13138,0.0071717,-0.11154,0.017548,-0.015106
-0.048981,0.029755,-0.063325,-0.24155,-0.0071717,-0.14023,-0.015106,-0.038911
-0.025177,0.059358,-0.074922,-0.21378,0.013275,-0.20523,-0.019684,-0.035554
0.00076295,-0.062104,-0.0383,-0.17929,0.013886,-0.29129,-0.038911,-0.0086976
-0.0062562,-0.08896,-0.081331,-0.20981,0.028229,-0.34684,-0.039521,-0.0022889
0.016022,0.16403,-0.12436,-0.18143,0.024872,-0.61143,-0.056916,-0.0062562
0.02945,0.26413,0.0074769,-0.097505,0.031891,-0.32822,-0.033112,0.026703
0.016022,0.26383,0.12222,-0.1088,0.039826,-0.034943,0.0032044,0.038911
0.0068666,0.15549,0.0077821,-0.20371,0.012055,0.085298,-0.0028992,0.035554
-0.05478,-0.22873,-0.044404,-0.1738,-0.010224,0.12863,0.02945,0.050202
-0.081941,-0.53605,-0.27665,-0.22934,-0.00015259,0.13596,0.034333,0.037385
-0.067903,-0.2269,-0.2211,-0.15549,0.012055,0.31266,0.020294,0.027619
-0.04715,-0.1442,-0.2623,-0.16007,-0.0013733,0.33707,0.04654,0.015106
-0.0053407,-0.060578,-0.12985,-0.11582,-0.015106,0.6157,0.07126,0.014191
0.027924,0.11398,0.059968,-0.08072,-0.017243,0.46952,0.085298,0.049897
-0.027008,-0.00045777,0.43137,-0.05478,0.012665,0.14664,0.053254,0.060273
-0.051118,-0.12497,0.22141,-0.099641,0.0038148,-0.0038148,0.022736,0.039521
-0.070954,-0.062715,-0.34043,-0.11063,0.015717,-0.14206,0.0056458,-0.0032044
-0.086213,-0.037385,-0.34745,-0.18753,0.0068666,-0.16007,-0.00015259,-0.024262
-0.041352,-0.014496,0.20218,-0.14664,0.019684,-0.26291,-0.052644,-0.06302
-0.023346,0.047456,0.067597,-0.0383,-0.0083925,-0.31113,-0.022126,-0.011444
-0.016327,0.090486,-0.27787,-0.08957,0.027619,-0.45609,-0.0041199,-0.014801
-0.016632,-0.052033,0.064546,-0.14969,0.048066,-0.54551,-0.051423,-0.027314
0.04715,-0.16739,0.02182,-0.23697,0.010834,-0.22202,-0.018158,0.012055
0.02945,-0.0038148,-0.0099184,-0.24369,0.00076295,-0.024872,-0.009308,0.01297
-0.0053407,0.30167,-0.30014,-0.1677,-0.0206,0.0972,0.010834,0.039826
-0.050813,0.16617,-0.36423,-0.12924,0.025483,0.14176,0.027314,0.015717
-0.020905,-0.0016785,-0.10086,-0.13107,0.062409,0.1857,0.0090028,-0.009308
-0.0383,-0.091707,0.16159,-0.12436,-0.018158,0.33494,0.035554,0.0074769
-0.089876,-0.1265,0.18875,-0.060273,-0.028534,0.40726,0.04593,0.023346
-0.043793,0.1564,-0.3331,-0.13443,0.0013733,0.6804,0.061189,0.00045777
-0.05539,-0.072786,0.10422,-0.0083925,-0.0065614,0.35904,0.062104,-0.010224
-0.081025,-0.48569,0.00015259,-0.071565,-0.027619,0.099947,0.039521,0.011444
-0.045319,-0.43687,0.27146,-0.13901,-0.00045777,-0.079194,0.01297,-0.022431
-0.025788,-0.28305,-0.11093,-0.16587,-0.0071717,-0.18906,0.02121,0.0071717
-0.010224,-0.077363,-0.20279,-0.22141,-0.019379,-0.14969,0.014801,0.044404
-0.041657,0.0099184,-0.074922,-0.17411,0.010834,-0.28458,-0.016327,0.0053407
-0.011139,0.042573,-0.19608,-0.10636,0.018158,-0.28885,-0.0074769,0.013581
0.015106,0.015717,-0.013886,-0.18112,0.02945,-0.56718,-0.020294,0.0086976
0.016938,0.07248,-0.059968,-0.16464,0.039216,-0.44358,-0.035554,-0.0032044
-0.011444,0.2034,0.00045777,-0.14481,0.034333,-0.13809,-0.011139,0.024872
-0.046845,0.23941,0.20768,-0.099336,0.034028,0.044709,0.009308,0.03769
-0.029145,0.17075,-0.26383,-0.098421,0.039826,0.16403,0.034333,0.016632
-0.026398,0.027619,0.082551,-0.10758,0.029145,0.1091,0.025177,0.031586
-0.050813,0.0041199,-0.34745,-0.085603,0.0035096,0.25193,0.029145,0.045014
-0.044404,-0.16587,-0.38926,-0.11154,0.011139,0.327,0.033417,-0.013581
0.0047303,-0.12741,-0.40574,-0.15061,0.021515,0.53788,0.057221,-0.016632
-0.039216,-0.47807,-0.035554,-0.10361,-0.014801,0.56443,0.081636,0.035554
-0.070039,-0.26352,0.61204,0.043793,0.002594,0.25345,0.042267,-0.00076295
-0.027619,0.033112,0.67521,0.11765,0.020905,0.022736,0.0065614,-0.023651
-0.045624,0.05539,-0.38132,-0.042267,0.021515,-0.14237,-0.00015259,-0.002594
0.013886,0.07126,-0.1384,-0.23941,-0.0065614,-0.14084,-0.00076295,0.019074
0.031891,0.049592,-0.16587,-0.29984,-0.012665,-0.20737,0.0077821,0.032807
-0.0074769,-0.01236,-0.41886,-0.36484,0.010529,-0.29313,0.0028992,0.060578
0.010529,-0.07187,-0.14511,-0.28733,-0.0013733,-0.33921,-0.052033,0.0096132
-0.0086976,0.17533,-0.041657,-0.17655,0.010834,-0.63249,-0.050813,-0.0028992
-0.027314,0.18601,-0.15152,-0.18509,0.026093,-0.3151,-0.019074,0.023957
-0.018158,0.005951,-0.1445,-0.18662,0.016022,-0.049287,-0.0062562,0.016632
-0.019684,-0.17899,0.098421,-0.0096132,0.010529,0.080415,0.013275,0.012055
-0.060578,-0.62821,0.42283,-0.056611,0.016632,0.12406,-0.0047303,0.023041
-0.026703,-0.015717,-0.12711,-0.13352,0.029755,0.12284,0.0028992,0.02945
-0.015717,0.18265,-0.18479,-0.13291,0.031891,0.31266,0.047456,0.020905
-0.024567,0.11154,-0.14755,-0.15457,0.015717,0.33799,0.035859,0.010529
-0.055695,0.025177,0.022126,-0.081331,-0.015717,0.6627,0.062409,-0.0053407
-0.064546,-0.09659,-0.13107,-0.030365,-0.026398,0.46555,0.05539,-0.0035096
-0.041352,-0.1146,-0.079194,-0.12161,-0.0010681,0.14969,0.019379,-0.036774
-0.0065614,-0.051728,-0.27207,-0.19333,-0.01236,-0.027008,0.0068666,-0.034333
0.022126,0.05417,-0.22171,-0.19425,-0.0086976,-0.14481,-0.014801,-0.0044251
-0.0090028,0.080415,-0.14908,-0.1738,-0.01297,-0.14664,0.019379,0.033112
-0.040436,-0.034943,0.17746,-0.12314,0.0074769,-0.26932,0.0086976,0.035859
-0.011444,-0.070649,0.3859,-0.13474,0.028229,-0.2974,-0.017243,0.0013733
-0.045624,-0.12375,0.10422,-0.070649,-0.013275,-0.4799,-0.010529,0.015106
-0.024872,-0.062715,-0.18997,-0.1387,0.033722,-0.54337,-0.04654,-0.0062562
-0.041352,0.011139,-0.049287,-0.13352,0.045319,-0.16434,-0.052644,0.0032044
-0.045014,0.085603,-0.1796,-0.14603,0.027314,-0.010224,-0.01297,0.02121
-0.024872,0.066377,-0.25711,-0.16922,0.02945,0.13077,0.00076295,0.0056458
-0.013275,0.012665,-0.12558,-0.16617,0.0068666,0.11978,0.0096132,0.0068666
-0.009308,0.088045,-0.12314,-0.099947,-0.01297,0.1912,0.061189,0.021515
-0.057221,-0.11948,0.14237,-0.052644,0.0047303,0.32731,0.047456,0.039216
-0.022736,-0.045624,0.13687,-0.010834,0.038911,0.43076,0.045624,0.015106
0.066072,-0.077974,-0.047761,-0.099031,0.017243,0.63859,0.081941,0.022736
-0.040436,-0.40452,-0.26566,-0.09659,-0.00015259,0.34287,0.08957,0.059358
-0.064851,-0.45853,0.0047303,-0.10513,-0.017548,0.084688,0.043793,0.017243
-0.015717,0.025788,0.17838,-0.062715,-0.010834,-0.092012,0.0071717,-0.028229
-0.018463,0.24033,-0.29068,-0.12039,-0.01297,-0.13657,-0.0035096,-0.019684
-0.041657,0.48417,-0.46342,-0.40269,-0.0086976,-0.16159,-0.00076295,-0.019684
-0.070039,-0.06363,0.16556,-0.47715,0.023041,-0.25864,-0.020294,-0.055085
-0.063935,-0.24643,-0.32273,-0.36057,0.0053407,-0.28244,-0.050813,-0.047456
-0.018463,-0.17624,-0.25406,0.015412,-0.0068666,-0.58549,-0.056001,-0.02945
-0.038605,-0.28702,0.30228,0.41642,0.014801,-0.46036,-0.052033,-0.0032044
0.019989,-0.14206,0.21622,0.0065614,0.037385,-0.12192,-0.031281,0.031586
-0.00076295,-0.067597,-0.10727,-0.29923,0.026093,0.037079,-0.0041199,0.05539
-0.0062562,-0.014496,0.012055,-0.18936,0.023346,0.17838,0.02121,0.081941
-0.023651,0.1207,0.10239,-0.051728,0.051728,0.11948,0.011749,0.037995
-0.0206,0.099947,-0.019684,-0.072175,0.030976,0.23941,0.03006,0.02945
-0.010834,0.13565,-0.27848,-0.11521,0.0032044,0.32792,0.050507,0.011444
-0.0047303,0.10422,-0.11124,-0.14694,-0.00045777,0.5211,0.053864,0.02121
-0.013581,0.13046,0.28367,-0.09781,-0.022431,0.5745,0.069734,0.027619
-0.012055,0.18997,-0.26535,-0.11795,-0.014801,0.21164,0.070344,0.005951
-0.0383,0.063325,-0.11856,-0.091707,-0.012665,0.02945,0.048371,0.013275
-0.064851,-0.29435,0.077668,-0.14145,0.0019837,-0.079194,0.02182,-0.00076295
-0.084382,-0.43015,-0.056306,-0.18997,0.012055,-0.12955,-0.010834,-0.032502
-0.067292,-0.4799,0.11093,-0.22782,-0.0041199,-0.2269,-0.016327,-0.0383
-0.040436,-0.00015259,-0.0065614,-0.15671,0.0010681,-0.31876,-0.022126,-0.018463
0.002594,0.47623,-0.49393,-0.11398,0.0035096,-0.35935,-0.009308,-0.0022889
-0.016632,0.037995,-0.15061,-0.13077,0.040131,-0.60105,-0.042878,-0.0065614
0.011139,0.0071717,-0.10422,-0.21836,0.061189,-0.30167,-0.030976,0.031281
-0.012055,-0.11948,-0.17594,-0.20615,0.023346,-0.072175,0.0071717,0.067292
-0.024872,-0.33585,0.3621,-0.14725,-0.0019837,0.073396,0.011749,0.05539
-0.0028992,-0.043488,0.026703,-0.17563,0.030365,0.13718,0.0071717,0.022736
0.009308,-0.09781,-0.17411,-0.21164,0.039521,0.14084,0.030365,0.051728
-0.064546,-0.17655,-0.25834,-0.15518,0.01297,0.31418,0.043793,0.063935
-0.059663,0.13718,-0.32303,-0.051118,-0.010224,0.34592,0.059052,0.029145
-0.032502,0.19333,0.02945,0.076143,-0.0028992,0.64805,0.025483,-0.0019837
-0.013275,0.13199,0.056001,-0.083467,-0.015106,0.47166,0.047456,-0.017548
-0.0053407,0.25803,-0.13138,-0.16281,-0.012055,0.1387,0.031586,-0.024567
0.014191,0.1442,-0.10513,-0.10361,-0.030671,-0.042267,0.024262,0.0086976
-0.014191,0.025177,0.11948,-0.1091,-0.022126,-0.14603,0.0028992,0.047456
-0.048676,-0.121,-0.020294,-0.031281,0.010834,-0.12345,-0.0090028,0.0071717
-0.015412,-0.069429,-0.083162,-0.057221,0.042267,-0.24949,-0.025177,-0.035554
-0.031891,-0.06363,0.010834,-0.18143,0.031891,-0.31083,-0.025177,-0.019684
-0.013275,0.0096132,-0.19669,-0.32029,0.0065614,-0.50248,-0.0056458,0.018158
-0.061494,-0.36545,-0.035554,-0.26017,-0.0019837,-0.5565,-0.033417,-0.00045777
-0.064851,-0.86473,-0.19974,-0.15702,0.013275,-0.15915,-0.009308,0.014801
-0.034943,-0.22629,-0.28336,-0.14511,0.049287,0.014801,-0.025788,-0.0096132
-0.015717,0.1738,0.52903,-0.082246,0.027619,0.10483,-0.019074,0.01297
-0.024567,0.15732,-0.098421,-0.1268,0.009308,0.091402,0.013275,0.041047
-0.026398,0.027619,-0.24125,-0.14328,0.034028,0.21469,0.0019837,0.022736
-0.034333,0.030671,-0.025788,-0.14054,0.023041,0.31418,0.025177,-0.0022889
-0.066682,-0.14633,-0.030671,-0.093233,0.011139,0.40299,0.041962,-0.0032044
-0.04715,-0.098116,-0.22599,-0.13291,-0.011139,0.66728,0.073396,-0.0053407
-0.013275,0.1976,-0.11154,-0.19181,0.0056458,0.36027,0.037385,-0.018158
-0.018158,0.1207,0.48692,-0.030365,-0.022126,0.074617,0.032807,-0.0062562
-0.020294,0.058747,0.14176,-0.12589,-0.0068666,-0.076448,0.020905,-0.01297
-0.010834,0.0032044,-0.028534,-0.15671,-0.00076295,-0.14572,-0.0032044,-0.0044251
-0.034638,-0.40177,-0.27756,-0.13779,-0.014801,-0.15152,-0.009308,0.0096132
-0.049897,-0.32975,-0.20584,-0.077363,0.019074,-0.29252,-0.0071717,0.021515
0.012055,0.13718,-0.18143,-0.14176,0.017548,-0.29496,0.0010681,0.025177
0.019074,0.28061,0.033417,-0.073396,0.015717,-0.60136,-0.002594,0.022736
0.013581,0.43961,-0.11856,-0.23423,0.019989,-0.43137,-0.040436,0.029145
-0.0010681,0.018158,-0.14725,-0.22721,0.049897,-0.098116,-0.019074,0.012665
-0.054475,-0.31235,-0.62486,-0.14298,0.011444,0.025177,0.0050355,0.042878
-0.023346,-0.16495,0.0062562,-0.13565,0.027619,0.14084,-0.0028992,0.0056458
-0.0035096,-0.12802,0.67948,0.015717,0.0077821,0.084382,0.024262,0.013581
-0.011444,-0.047456,0.392,0.04654,-0.0071717,0.20829,0.039216,0.044404
-0.0010681,0.16342,-0.15488,-0.035554,0.021515,0.3444,0.02945,0.028229
-0.011444,0.099947,-0.23758,-0.0383,0.013581,0.57755,0.039826,0.012665
-0.052949,0.09659,-0.61326,-0.24735,0.039521,0.5922,0.065766,0.022126
-0.049287,-0.041962,-0.29404,-0.26352,0.0035096,0.22599,0.04715,-0.013581
-0.059968,-0.30289,-0.0099184,-0.18723,-0.028534,0.028534,0.033112,-0.029755
-0.07126,-0.2678,0.3505,-0.15183,0.016022,-0.12833,0.019379,0.0077821
-0.040742,-0.18814,0.49546,-0.11673,-0.015106,-0.15,0.023957,-0.0080873
-0.05539,-0.090486,-0.1738,-0.11337,-0.015717,-0.21897,0.0038148,0.0010681
-0.031586,0.025788,-0.4033,-0.15061,0.0019837,-0.28885,-0.020294,-0.01236
0.022126,0.0041199,-0.14511,-0.18479,0.023041,-0.32792,-0.01297,-0.027619
0.037079,0.18051,-0.16983,-0.25711,0.021515,-0.61692,-0.030976,0.01297
-0.0065614,0.056001,0.031586,-0.11917,0.022126,-0.30808,-0.041352,0.031281
-0.041657,0.056306,-0.031891,-0.10483,0.029755,-0.035859,-0.011139,0.014191
-0.0383,0.044404,-0.11093,-0.046235,0.027314,0.0972,0.0086976,0.0071717
-0.032807,-0.121,-0.16983,-0.10056,0.016938,0.11917,0.019989,0.018769
-0.053559,-0.37491,-0.092927,-0.049592,0.035554,0.13931,-0.015106,0.041962
-0.05539,-0.14786,0.10819,-0.026398,0.032807,0.29496,0.009308,0.038911
-0.0062562,0.0077821,0.22171,-0.19425,-0.0010681,0.32303,0.049897,0.039216
0.04715,0.047761,-0.078889,-0.27573,-0.051118,0.62913,0.043488,0.040436
-0.018463,0.019074,-0.21836,-0.27634,-0.059358,0.46342,0.061494,0.02121
-0.05539,-0.00076295,-0.18173,-0.1033,-0.023041,0.15305,0.030365,-0.016632
-0.059052,-0.026703,-0.11643,-0.083162,-0.00045777,-0.014191,0.00076295,-0.014496
-0.052033,-0.03769,0.023957,-0.051118,0.015412,-0.15518,-0.0013733,-0.022736
-0.041047,-0.035859,-0.017853,-0.12558,0.0050355,-0.12955,-0.0096132,-0.017548
-0.045014,-0.025483,-0.069123,-0.13931,-0.00045777,-0.2562,-0.019684,-0.021515
-0.026398,-0.0047303,-0.07187,-0.14481,0.0041199,-0.27665,-0.033722,-0.013275
-0.0028992,-0.02884,-0.060578,-0.15091,0.025177,-0.46586,-0.041657,-0.027008
-0.0074769,-0.065461,-0.036774,-0.14145,0.034028,-0.5684,-0.04715,0.0053407
-0.014496,-0.04654,-0.041962,-0.14206,0.041352,-0.18814,-0.011444,0.02182
-0.009308,-0.029755,-0.040436,-0.12528,0.034028,-0.0019837,0.013886,0.039521
-0.0010681,0.021515,-0.092012,-0.10697,0.029755,0.1146,0.034028,0.045014
0.0074769,0.057527,-0.103,-0.13687,0.034028,0.1146,0.034028,0.034028
-0.01297,-0.020905,-0.038605,-0.14328,0.031586,0.17746,0.020905,0.034943
-0.031586,-0.048981,-0.037079,-0.29374,0.0056458,0.31113,0.027314,0.013275
-0.041047,-0.050202,-0.04715,-0.35233,-0.0065614,0.44114,0.02945,-0.0022889
-0.046845,-0.048981,-0.031891,-0.22904,-0.016632,0.66575,0.068208,-0.0080873
-0.042573,-0.103,0.0016785,-0.009308,-0.026398,0.32273,0.066072,0.0038148
-0.053254,0.024262,-0.0972,0.30777,-0.01236,0.052644,0.033112,0.010834
-0.039216,0.058442,-0.099641,0.29374,0.0065614,-0.095979,0.012055,-0.025177
-0.024262,0.041657,-0.16587,-0.21286,0.024262,-0.13443,-0.0035096,-0.03769
-0.020905,-0.019684,-0.19333,-0.27573,-0.00076295,-0.15396,0.0019837,-0.0068666
0.00076295,-0.096895,-0.12894,-0.20798,-0.0044251,-0.29374,-0.0071717,0.0028992
0.0028992,-0.21744,0.022736,-0.17136,0.011139,-0.29679,-0.026398,0.013581
-0.0035096,-0.11612,0.24369,-0.13718,0.027314,-0.5922,-0.048676,0.0099184
-0.0035096,-0.005951,-0.061189,-0.17472,0.032807,-0.42557,-0.04593,0.0074769
-0.017243,-0.026703,-0.16159,-0.17563,0.025177,-0.093538,-0.012055,0.027619
-0.036469,-0.043793,-0.12619,-0.17746,0.0056458,0.031586,0.0032044,0.046845
-0.025177,-0.10086,0.18967,-0.11765,-0.0071717,0.14328,0.016022,0.024262
-0.035859,-0.017548,0.0038148,-0.11978,0.0032044,0.11246,0.025788,0.030976
-0.034333,0.13931,-0.18753,-0.13046,0.0074769,0.24277,0.019684,0.034943
-0.027008,0.24002,-0.051118,-0.052338,-0.010224,0.33494,0.021515,0.0074769
-0.027619,0.25467,0.0022889,0.0010681,-0.014801,0.55009,0.041047,0.017548
-0.059663,-0.3209,0.2562,-0.08896,-0.0074769,0.58335,0.050507,0.029145
-0.045014,-0.6041,0.0056458,-0.2739,-0.00015259,0.23392,0.023346,0.014801
-0.048676,-0.33005,-0.58701,-0.41764,-0.0206,0.016632,0.027619,0.0383
-0.039216,0.26139,-0.014191,-0.21225,-0.0206,-0.11337,-0.0041199,0.014191
0.011749,0.21408,0.22232,-0.03006,0.016938,-0.14817,-0.011139,-0.033417
-0.030976,0.22568,-0.034028,0.03769,0.023651,-0.2327,-0.018158,-0.024262
-0.052949,-0.17197,-0.72801,-0.040742,0.023651,-0.30167,-0.020905,-0.016327
-0.012665,-0.22812,-0.10147,-0.16495,0.07248,-0.36149,-0.018769,-0.03769
-0.030365,0.27726,-0.12436,-0.082856,0.052338,-0.58579,-0.029755,0.012055
0.0032044,0.12741,-0.082246,-0.17502,0.027619,-0.29282,-0.028229,0.019074
-0.018769,-0.26261,0.11337,-0.15732,0.030976,-0.044404,-0.0090028,0.009308
-0.019074,-0.36057,0.053559,-0.18112,-0.0053407,0.08835,0.0068666,0.015106
-0.022736,-0.066377,-0.078279,-0.20798,0.009308,0.11337,0.015106,0.0047303
-0.027619,-0.037995,0.22812,-0.1207,-0.011444,0.14389,0.020905,0.017548
-0.011444,-0.10941,0.2797,0.0035096,-0.020294,0.29831,0.026093,0.0080873
-0.027619,-0.099641,-0.20432,-0.028534,0.0096132,0.32181,0.056306,0.023651
-0.026398,-0.0041199,-0.14878,-0.082856,-0.0062562,0.64286,0.06363,0.041657
-0.015412,0.046235,-0.13291,-0.21561,-0.027619,0.44724,0.068208,0.017243
-0.030671,0.34134,-0.4152,-0.2739,-0.030365,0.13077,0.056001,0.0041199
0.0019837,0.29648,-0.53239,-0.16709,-0.023041,-0.015412,0.018769,-0.0035096
0.017243,0.43778,-0.12741,-0.087129,-0.018769,-0.1442,0.013275,0.013581
0.011139,0.1796,0.31968,-0.0096132,0.010529,-0.13687,0.027924,0.055085
-0.025788,-0.16617,0.40421,-0.041047,0.034333,-0.24674,-0.019074,0.038911
-0.053559,-0.47837,-0.19944,-0.17502,0.044099,-0.28336,-0.057527,-0.0050355
-0.10513,-0.8278,-0.16159,-0.25376,0.0065614,-0.47501,-0.0047303,0.0068666
-0.10697,-0.5037,0.56809,-0.18509,0.0019837,-0.56291,-0.035248,-0.025483
0.0019837,-0.10971,-0.048066,-0.11124,0.019074,-0.18997,-0.041352,-0.033722
-0.0035096,-0.04654,-0.0383,-0.056611,0.018158,-0.01297,-0.009308,0.023957
0.0035096,-0.050507,-0.12314,-0.14054,0.0068666,0.096895,0.013581,0.038911
-0.0083925,0.083467,-0.43778,-0.23697,0.025177,0.10361,0.020905,0.024872
-0.023346,0.18173,-0.15305,-0.19699,0.010529,0.17288,0.010529,0.020905
-0.04715,0.168,-0.074922,-0.14969,0.011749,0.30289,0.014801,0.02121
-0.04715,-0.027314,0.0041199,-0.12131,0.01297,0.46677,0.027314,-0.019074
-0.02945,0.011749,-0.10636,-0.1445,-0.0096132,0.62303,0.064546,-0.0041199
-0.033722,-0.017853,-0.063935,-0.13352,-0.031281,0.31693,0.059052,-0.0062562
-0.050813,-0.067597,0.42435,-0.08835,-0.024262,0.092317,0.0383,0.005951
-0.04654,0.018158,-0.54765,-0.13382,-0.0090028,-0.043488,0.025177,0.014191
-0.022126,0.018463,-0.20706,-0.15671,-0.010529,-0.12345,-0.0041199,0.0096132
-0.037385,-0.040436,0.24155,-0.16587,0.013275,-0.15091,-0.018158,-0.0035096
-0.02121,-0.030671,0.23209,-0.022126,0.015106,-0.31083,-0.0044251,-0.014496
-0.0022889,-0.04593,0.0080873,-0.12741,0.037079,-0.30442,-0.028534,-0.019684
-0.01297,-0.098116,-0.24643,-0.082246,0.021515,-0.57115,-0.020905,0.015412
-0.022126,-0.063325,-0.25376,-0.18967,0.049287,-0.40116,-0.02121,0.019074
-0.0035096,0.018158,0.094148,-0.1854,0.051118,-0.11032,-0.027619,-0.0096132
0.011749,0.0080873,-0.045014,-0.14084,0.0071717,0.023346,0.0053407,0.025788
0.025788,0.19944,-0.22324,-0.15915,0.0099184,0.15366,0.011139,0.050202
-0.0010681,0.18448,-0.18082,-0.061494,-0.0062562,0.10971,0.02121,0.053864
-0.057221,-0.041962,-0.022431,-0.061799,-0.0083925,0.26047,0.024262,0.044404
-0.054475,-0.14054,0.1323,-0.13443,0.017243,0.34287,0.029145,-0.0028992
-0.070954,-0.25895,0.2858,0.029755,0.023346,0.54215,0.032807,-0.021515
-0.041657,-0.13565,-0.21378,-0.0090028,0.057221,0.54337,0.061799,-0.0032044
-0.023041,-0.017853,-0.26352,-0.086519,-0.0062562,0.21317,0.054475,0.0065614
-0.014496,-0.027924,-0.27451,-0.17685,-0.041352,0.037079,0.017853,0.014801
-0.010834,-0.036164,-0.11917,-0.38346,-0.033722,-0.13474,0.0065614,-0.0053407
-0.018158,-0.036164,0.0972,-0.28519,-0.026398,-0.13748,-0.0019837,-0.012055
-0.025177,-0.078584,0.11154,-0.078279,-0.020294,-0.22446,-0.0071717,-0.011139
-0.02945,-0.030671,-0.0074769,-0.094759,0.028229,-0.30533,-0.010834,-0.011139
-0.015412,-0.015717,-0.065156,-0.1268,0.032197,-0.38743,-0.014496,0.0074769
-0.021515,-0.10178,-0.17197,-0.15671,0.026703,-0.61784,-0.030365,-0.0090028
-0.0090028,-0.075837,-0.095369,-0.13046,0.044099,-0.28885,-0.041047,0.0047303
-0.0019837,0.16831,-0.14176,-0.14969,0.0383,-0.033722,-0.019684,0.0206
-0.025177,0.28916,-0.084382,-0.15457,0.0013733,0.1091,0.02182,0.034333
-0.041047,0.0972,0.1796,-0.092317,0.018769,0.15824,0.015106,0.019684
-0.031281,0.077363,0.17746,-0.070649,0.022736,0.12741,0.0086976,0.025483
-0.03769,-0.14542,-0.12619,-0.10239,0.009308,0.28,0.04715,0.043488
-0.062715,-0.34501,-0.2504,-0.16861,0.0013733,0.36118,0.029145,0.027619
-0.073091,-0.077363,-0.30472,-0.12528,-0.016938,0.64897,0.036164,-0.0032044
-0.020294,-0.15366,-0.065766,-0.22354,-0.0083925,0.45518,0.02884,-0.043183
-0.031891,-0.1976,0.10269,-0.14359,-0.0010681,0.15213,0.015717,-0.042573
-0.056916,-0.15854,-0.060578,-0.078279,-0.017548,-0.028229,0.022126,0.0013733
-0.047761,-0.08896,-0.13321,-0.18112,-0.011139,-0.18173,-0.00045777,-0.011444
-0.02884,0.11124,-0.075227,-0.13535,-0.017548,-0.17777,0.005951,0.0065614
-0.025483,0.12314,-0.1677,-0.02121,-0.013275,-0.26444,0.0065614,0.019989
0.023651,0.050202,-0.10941,-0.082246,0.031281,-0.27543,-0.027008,0.010529
0.04654,-0.0013733,-0.14694,-0.1384,0.027924,-0.49363,-0.0028992,0.022126
0.019684,-0.10086,0.054475,-0.35782,0.033722,-0.5272,-0.011139,0.040131
-0.0035096,-0.084688,-0.020294,-0.38621,0.050507,-0.15488,-0.02884,0.034333
0.0047303,-0.090791,0.066682,-0.18753,0.02945,0.024262,0.0050355,0.015106
-0.018769,-0.20249,-0.002594,0.022126,0.022736,0.11276,0.029145,0.031891
-0.0383,-0.14084,-0.16556,0.3328,0.025177,0.11063,0.036774,0.03006
-0.00076295,0.18357,-0.20127,0.22751,0.043793,0.18143,0.018158,0.012665
-0.0086976,0.1387,0.14664,-0.14206,0.027008,0.28855,0.045624,0.0038148
-0.045624,0.12253,-0.15732,-0.35996,-0.0019837,0.42191,0.04715,0.010529
-0.092317,-0.03006,-0.081331,-0.28336,-0.032807,0.67124,0.040131,0.0071717
-0.049592,0.013275,-0.22019,-0.30259,-0.041657,0.3212,0.034333,-0.029145
-0.028534,0.098421,-0.39567,-0.12253,-0.018158,0.052644,0.038911,-0.0096132
-0.03769,-0.024567,0.37461,-0.08896,-0.025177,-0.09659,0.019074,0.032807
-0.066987,-0.55985,-0.094148,-0.13443,0.0065614,-0.14908,-0.0062562,-0.010529
-0.068208,-0.47105,-0.12619,-0.081331,0.00076295,-0.16312,0.019989,0.009308
-0.064851,0.21042,-0.045624,-0.17472,0.0096132,-0.27268,0.0013733,0.010529
-0.059968,0.33799,-0.30411,-0.16342,0.032807,-0.3154,-0.038911,-0.026703
-0.044404,-0.38468,0.63005,-0.15915,0.048066,-0.56535,-0.075837,-0.058747
0.011749,-0.15061,0.087739,-0.15915,0.037995,-0.41459,-0.062715,-0.018769
0.08072,0.18326,-0.16648,-0.18723,-0.012055,-0.092622,-0.010224,0.060578
0.06302,0.20615,-0.20768,-0.13443,0.023957,0.041352,-0.0080873,0.056001
-0.031891,0.014191,-0.078584,-0.121,0.016022,0.1207,0.023957,0.057221
-0.065461,-0.04593,0.16434,-0.10636,0.011139,0.10513,0.041352,0.041352
-0.058137,-0.00045777,-0.084993,-0.13077,0.017853,0.2739,0.041352,0.023346
-0.036774,-0.049897,-0.13779,-0.14572,0.0028992,0.30289,0.027924,-0.0028992
-0.034638,-0.031586,-0.1091,-0.13687,-0.0056458,0.54185,0.061494,0.01297
-0.031586,0.016022,-0.16159,-0.13474,-0.027008,0.58549,0.070649,0.00076295
-0.027619,0.023651,-0.19364,-0.14206,-0.018158,0.2266,0.053254,-0.026398
-0.058137,-0.046845,-0.14908,-0.12741,-0.019379,0.0090028,0.043183,-0.0096132
-0.061189,-0.0065614,0.048371,-0.0795,-0.0022889,-0.12955,0.026093,-0.010529
-0.035859,-0.054475,0.23728,-0.0041199,0.020905,-0.14145,-0.0032044,-0.0080873
0.0032044,-0.05417,-0.14908,-0.10086,0.021515,-0.20279,-0.0019837,0.011444
-0.012055,-0.17197,-0.059358,-0.077363,0.012665,-0.28885,0.010834,0.042267
0.0056458,-0.22873,0.14939,-0.24277,0.041352,-0.37308,-0.016938,0.029755
-0.015412,-0.24796,-0.085298,-0.27237,0.042878,-0.60838,-0.034943,0.017853
0.016022,-0.13657,0.040436,-0.16526,0.013581,-0.29648,-0.039521,0.028229
0.023041,0.15152,-0.15854,-0.11124,0.019684,-0.037079,-0.023346,0.027619
-0.0206,0.10849,-0.2678,-0.17197,-0.002594,0.085603,0.024262,0.060578
-0.024262,-0.01297,-0.14359,-0.098726,0.026093,0.15,0.020905,0.024262
-0.02121,0.043488,-0.058442,-0.10941,0.032197,0.13779,0.0086976,0.0071717
-0.039216,-0.016938,-0.026703,-0.10849,0.017853,0.2916,0.017243,0.015717
-0.029755,-0.070954,-0.023041,-0.037079,0.015412,0.35203,0.0071717,0.0035096
-0.023346,-0.096895,-0.03769,-0.1268,-0.00045777,0.64469,0.048981,-0.0086976
-0.057527,-0.28763,-0.033722,-0.14115,-0.0083925,0.44877,0.087739,0.011139
-0.051728,-0.093843,-0.11215,-0.14969,-0.018463,0.12924,0.047456,0.0041199
-0.079805,0.34592,-0.14298,-0.14176,-0.018158,-0.016938,0.012055,0.0096132
-0.043793,0.3444,-0.04654,-0.13199,0.00045777,-0.13687,-0.01297,-0.0206
-0.024567,0.20005,-0.076143,-0.082246,0.0074769,-0.14603,-0.0065614,-0.023651
-0.038605,-0.2208,0.069734,-0.11704,0.0099184,-0.26078,0.0068666,-0.012665
-0.019684,-0.47776,-0.075837,-0.13474,0.039521,-0.28458,-0.010529,-0.035248
-0.02121,-0.31876,-0.1146,-0.15183,0.027619,-0.47623,-0.024567,-0.033112
-0.028229,0.03006,-0.24369,-0.1857,0.012055,-0.53147,-0.029145,-0.00045777
-0.014801,0.093233,-0.53666,-0.21775,0.0080873,-0.19821,-0.019379,0.0065614
-0.019074,0.035859,-0.21988,-0.18753,0.009308,-0.0080873,-0.019684,0.019684
-0.02884,-0.091402,0.39902,-0.10513,0.0090028,0.12406,0.0038148,0.014191
-0.024567,-0.036164,0.645,-0.060578,0.023346,0.10483,0.014801,-0.012055
0.00076295,0.048066,-0.12894,-0.14603,0.037385,0.20554,0.023041,-0.0035096
-0.019684,0.020294,-0.17472,-0.14359,-0.014496,0.31296,0.051118,0.037079
-0.023041,-0.024262,-0.18082,-0.15793,-0.013275,0.46494,0.057221,0.019379
-0.029145,-0.10758,-0.065766,-0.081331,-0.009308,0.64103,0.081941,0.027008
-0.01297,-0.1207,-0.0068666,-0.084993,-0.016632,0.28367,0.075532,0.025788
-0.0080873,-0.044404,-0.081025,-0.085603,0.0032044,0.068818,0.068208,0.02945
-0.019684,-0.022431,-0.00076295,-0.10483,0.0068666,-0.086213,0.039826,0.046235
-0.020905,0.033417,-0.060273,-0.10697,0.016632,-0.1503,0.0068666,0.035248
-0.0056458,0.069123,-0.13687,-0.12924,0.018769,-0.14817,-0.019379,0.002594
-0.041962,-0.023651,-0.11307,-0.1445,0.017243,-0.2974,-0.030365,0.0032044
-0.02884,-0.061799,-0.092317,-0.17807,0.01297,-0.31296,-0.034943,-0.019379
0.00045777,0.053254,-0.07248,-0.18662,0.015106,-0.58305,-0.05539,-0.015106
-0.019074,0.039216,0.024262,-0.12253,0.025177,-0.4213,-0.036774,0.023041
-0.029145,0.0047303,0.11246,-0.046845,0.03006,-0.093843,-0.011444,0.027314
-0.019074,-0.13809,0.01236,-0.018769,0.030976,0.069429,-0.0065614,0.0080873
-0.021515,-0.27878,0.080415,-0.15671,0.034333,0.15335,0.015717,0.0065614
-0.073701,-0.22263,-0.30808,-0.25711,0.018769,0.11398,0.0090028,0.021515
-0.065766,-0.067597,-0.13748,-0.18204,-0.0022889,0.25742,0.037995,0.0047303
-0.031586,0.13443,-0.44541,-0.27817,-0.0080873,0.33585,0.047456,0.0053407
-0.0074769,0.11795,-0.21592,-0.16129,-0.0041199,0.54978,0.041047,-0.0047303
-0.032807,-0.04654,0.10086,-0.27207,-0.029755,0.55711,0.081636,0.011749
-0.041657,-0.20768,0.59007,-0.066987,-0.05478,0.22263,0.071565,0.024262
-0.0062562,-0.09659,-0.093538,-0.0083925,-0.0071717,0.013886,0.026093,-0.023651
-0.029755,-0.034028,-0.23148,-0.069734,0.0056458,-0.12375,0.027924,-0.0010681
-0.04715,0.009308,-0.33616,0.032807,0.023041,-0.11826,0.0074769,0.0056458
-0.021515,0.084077,-0.10544,-0.14176,0.06302,-0.23636,-0.028229,-0.0032044
-0.0074769,0.13748,0.049592,-0.22782,0.034028,-0.31052,-0.033417,0.011139
-0.0047303,0.21378,0.0077821,-0.12375,-0.0035096,-0.35813,-0.0028992,0.027619
-0.02884,0.050202,-0.14725,-0.10788,0.0010681,-0.58762,-0.039216,0.014801
-0.041352,-0.038911,-0.023651,-0.073396,0.032807,-0.25376,-0.056001,0.019074
-0.077058,-0.002594,0.19486,-0.059052,0.029755,-0.018158,-0.010834,0.039521
-0.064546,-0.26261,-0.00015259,-0.14603,0.026093,0.0795,-0.015412,0.039216
-0.013581,-0.3566,-0.34897,-0.29709,0.035248,0.11673,0.0068666,0.027314
-0.0062562,0.08072,-0.30747,-0.2269,-0.015106,0.1387,0.013886,0.025177
0.013581,0.11276,-0.27024,-0.057527,-0.00015259,0.30411,0.0010681,-0.0028992
0.063325,-0.043793,-0.074311,-0.12955,0.023957,0.35386,0.02884,0.0035096
0.0038148,-0.38621,0.66697,-0.3032,0.0010681,0.63859,0.04715,0.034333
-0.045014,-0.50706,0.20737,-0.28946,-0.019074,0.42344,0.068208,0.029755
-0.062104,-0.1561,-0.14054,-0.050507,-0.028534,0.13504,0.04715,-0.0074769
-0.050813,0.14511,0.14694,0.21714,-0.0056458,-0.038911,0.023957,0.0206
-0.014191,0.25132,0.05417,0.28092,0.017853,-0.15579,0.0038148,-0.0044251
0.043793,0.2742,0.012055,0.0028992,-0.0056458,-0.14786,0.018769,0.010834
0.033417,0.21866,-0.48325,-0.30655,0.0028992,-0.2855,0.0032044,0.023346
0.015412,0.09781,-0.41062,-0.29343,0.052033,-0.22538,-0.012055,0.025788
-0.031891,-0.13565,-0.38926,-0.26749,0.045624,-0.47959,-0.024872,0.0041199
-0.048981,-0.042573,-0.32029,-0.25711,0.020905,-0.54887,-0.059968,-0.039826
-0.057527,-0.19638,-0.11337,-0.23239,0.017243,-0.19883,-0.020905,-0.026398
-0.061799,-0.23056,0.35386,-0.11948,-0.00015259,-0.0041199,0.0074769,0.0090028
-0.060883,-0.1442,0.48112,-0.082246,0.0016785,0.12741,-0.021515,-0.0062562
-0.047761,-0.0041199,-0.037995,-0.10941,0.019379,0.12467,0.011139,0.0035096
-0.057221,-0.074922,-0.1265,-0.16068,0.0090028,0.21317,0.041962,0.011444
-0.050813,-0.031586,-0.092927,-0.1799,0.0068666,0.29984,0.02884,0.0086976
-0.070649,-0.070649,-0.12284,-0.098421,-0.017243,0.45762,0.03006,0.0086976
-0.044404,0.093538,-0.072175,-0.05478,-0.026398,0.64103,0.083772,0.0090028
-0.0035096,0.26169,-0.24247,-0.07126,-0.0065614,0.31022,0.07187,0.018158
-0.0383,-0.11002,0.0383,-0.040131,-0.0071717,0.066987,0.041047,0.017853
-0.042573,-0.14939,-0.029755,-0.11185,0.013581,-0.088045,-0.0032044,0.0206
0.0056458,0.028229,-0.21134,-0.17472,0.025483,-0.14481,0.0068666,0.012055
0.092317,0.0099184,0.10117,-0.1799,0.022736,-0.19638,0.0065614,0.015412
0.019379,-0.10147,-0.054475,-0.17258,0.0035096,-0.30259,-0.002594,0.034333
-0.043793,-0.14694,0.022126,-0.096895,0.012055,-0.28244,0.0096132,0.040436
-0.038605,-0.19821,0.13016,-0.10483,0.042267,-0.57633,-0.029145,0.00076295
-0.045014,-0.036469,-0.35996,-0.12528,0.049592,-0.41123,-0.061799,0.0056458
-0.0056458,0.057527,-0.34531,-0.18326,0.023957,-0.069429,-0.041962,0.017243
-0.026703,0.04654,-0.018463,-0.17319,0.027008,0.05539,-0.013581,0.002594
-0.022126,0.14237,0.46372,-0.062715,0.016938,0.12924,0.011444,0.016938
-0.018158,0.35355,-0.01297,-0.15366,0.020905,0.099947,0.022126,-0.010529
-0.0206,0.30167,-0.24063,-0.14481,0.012055,0.28031,0.037995,-0.010529
-0.017548,-0.0074769,0.0053407,-0.13504,-0.014801,0.32242,0.030365,0.010834
-0.02121,-0.16098,0.16922,-0.06424,-0.019684,0.55558,0.047761,0.034943
-0.10941,-0.47807,-0.036164,-0.070344,-0.036774,0.54398,0.062104,0.031586
-0.103,-0.26413,-0.10117,-0.082551,-0.042573,0.22995,0.032807,-0.0053407
-0.050507,-0.047761,-0.65599,-0.17075,0.010529,0.0090028,0.0035096,-0.041047
-0.061494,-0.22538,-0.3801,-0.31235,0.075837,-0.13443,0.016632,-0.014191
-0.031891,-0.103,0.22812,-0.14542,0.0053407,-0.14847,0.029145,-0.012665
-0.031281,0.092012,0.44358,-0.084993,-0.022736,-0.22019,0.029145,-0.0019837
-0.035248,0.086213,-0.14115,-0.16617,0.034333,-0.29679,-0.0068666,-0.00045777
-0.018463,-0.03769,-0.21042,-0.19547,0.009308,-0.36881,-0.024872,-0.022431
0.0041199,-0.29191,-0.15885,-0.22782,0.009308,-0.60746,-0.074617,0.0028992
0.035859,-0.3978,-0.081331,-0.19516,0.019989,-0.26352,-0.075532,0.039826
0.040131,-0.010224,-0.020294,-0.10056,0.03006,-0.036469,-0.030671,0.056306
0.0096132,0.13993,-0.046235,-0.1387,0.025788,0.09659,0.018769,0.083772
-0.0062562,0.091096,-0.0053407,-0.061799,0.0206,0.14023,0.018769,0.059663
-0.021515,0.094453,-0.012665,-0.087129,0.0206,0.12985,0.0099184,0.052338
-0.0206,0.0383,-0.052644,-0.087434,0.0032044,0.29465,0.041047,0.027314
-0.055695,-0.034028,-0.10269,-0.10178,-0.0010681,0.37675,0.039826,0.0035096
-0.049592,0.013886,-0.095979,-0.103,0.0035096,0.64714,0.035859,0.00045777
-0.045319,0.40024,-0.064546,-0.07248,-0.014191,0.41093,0.048371,-0.020905
-0.040742,0.45457,-0.01236,-0.056306,-0.0080873,0.12161,0.034333,-0.014801
-0.013275,0.12741,-0.024262,-0.11154,0.0053407,-0.047456,0.027619,-0.023651
-0.0032044,-0.1738,-0.061799,-0.12528,-0.0065614,-0.16037,0.031281,-0.011444
-0.075837,-0.91722,0.019684,0.0047303,-0.0013733,-0.13046,0.031586,0.0016785
-0.082246,-0.56199,-0.11826,-0.013581,0.0206,-0.24155,-0.026398,-0.028534
0.024262,-0.068208,-0.13107,-0.34379,0.039521,-0.31327,-0.045319,-0.049592
0.013275,0.10575,0.012055,-0.4445,-0.0090028,-0.51621,0.0013733,0.009308
-0.025177,-0.059358,0.15549,-0.37583,-0.0053407,-0.51804,-0.022431,0.035248
-0.0074769,-0.14817,-0.17105,-0.19699,0.053864,-0.16892,-0.040436,0.023651
-0.032807,-0.043793,-0.83207,-0.016632,0.022736,-0.0056458,0.0074769,0.044099
0.00076295,0.062715,0.048981,0.049592,0.017853,0.12192,0.019379,0.0383
-0.032807,0.045624,0.38682,-0.010834,0.017853,0.10666,0.0086976,0.03006
-0.049287,0.052644,0.2739,-0.10666,-0.0013733,0.21836,0.045014,0.04715
-0.060883,-0.02884,-0.084077,-0.1088,0.012665,0.31968,0.04715,0.0013733
-0.04593,-0.074922,-0.065766,-0.06363,0.0028992,0.45884,0.038911,-0.015106
-0.050507,-0.075532,-0.053864,-0.09659,-0.0062562,0.6508,0.065156,0.0013733
-0.022126,0.027924,-0.0972,-0.12863,-0.019074,0.29557,0.050202,-0.010529
-0.044709,0.029145,-0.14725,-0.168,-0.01297,0.062715,0.035554,-0.0041199
-0.025177,0.059663,-0.41886,-0.22507,-0.012665,-0.057221,-0.017243,-0.025177
0.037079,0.1677,-0.14115,-0.17502,-0.0068666,-0.14694,-0.033417,-0.030671
0.027924,-0.11276,0.1854,-0.13077,-0.00045777,-0.17197,0.010529,0.031891
0.027008,-0.23056,0.0038148,-0.10178,0.035859,-0.30594,-0.00076295,0.053254
0.032807,-0.012055,-0.068208,-0.10575,0.016632,-0.31968,-0.0035096,0.053559
0.005951,-0.015412,0.22782,-0.030365,0.014801,-0.58824,-0.016327,0.041657
-0.032807,0.17716,-0.20188,-0.067597,0.045319,-0.38376,-0.032502,0.027924
-0.041352,0.25406,0.16556,-0.1033,0.040131,-0.08957,-0.036774,0.00045777
-0.013581,0.20127,-0.051728,-0.24125,0.048066,0.045319,-0.045624,-0.025483
0.018769,0.063325,-0.12467,-0.28458,0.0080873,0.13779,-0.013275,-0.0028992
-0.022431,-0.085908,-0.11917,-0.17868,-0.0206,0.12741,0.032197,0.05539
-0.049897,-0.38468,-0.08957,-0.13901,0.0050355,0.25254,0.041657,0.061189
-0.10056,-0.35996,-0.2092,-0.12955,-0.018463,0.31662,0.019989,0.014801
-0.095979,0.019684,-0.18662,-0.14145,-0.025788,0.58335,0.023041,-0.002594
-0.06302,-0.019684,-0.10269,-0.091096,-0.022736,0.56077,0.058137,-0.023651
-0.059052,-0.18631,0.076753,0.0071717,-0.010834,0.20005,0.053559,-0.026398
-0.042573,-0.034943,0.092012,-0.11032,0.027924,0.031586,0.016938,-0.042878
-0.04654,0.3917,0.030976,-0.0795,0.0096132,-0.15579,0.027314,-0.033722
-0.049592,0.25315,-0.1268,-0.3267,0.013886,-0.12894,0.017853,-0.027314
-0.019684,0.073396,0.062409,-0.37522,0.023651,-0.2031,-0.018769,-0.030365
0.0041199,-0.168,0.12161,-0.18173,0.028229,-0.32609,-0.029145,-0.010529
-0.050507,-0.69993,-0.2855,0.062715,0.02182,-0.42313,-0.0080873,0.018769
-0.010529,-0.70298,-0.11856,0.3209,0.049287,-0.5742,-0.049287,0.019074
0.040436,-0.11673,0.12711,0.25589,0.045014,-0.24674,-0.031281,0.037079
0.035859,0.1207,0.10269,-0.1799,0.0035096,-0.03769,0.02121,0.084077
0.0071717,0.15244,-0.17868,-0.2623,-0.0035096,0.11643,0.0071717,0.068208
0.036774,0.19425,-0.15518,-0.39353,0.010834,0.13809,0.0086976,0.057221
0.027008,0.069123,-0.47227,-0.39414,-0.00015259,0.1268,0.012055,0.038911
-0.059052,-0.03006,-0.34257,-0.18906,0.0010681,0.29831,0.0071717,0.050507
-0.074006,-0.04654,-0.19425,-0.13779,-0.017243,0.34867,0.044099,0.043488
-0.094453,-0.18967,0.20493,-0.03769,0.0080873,0.62791,0.085298,0.010529
-0.061494,-0.18418,0.24521,-0.048981,0.005951,0.41428,0.078279,-0.014801
-0.033112,0.040131,-0.13321,-0.062715,-0.019074,0.11124,0.042267,-0.030365
-0.0047303,0.13413,-0.13107,-0.18906,-0.01297,-0.031586,0.015106,-0.026398
-0.0050355,0.099336,-0.13077,-0.2678,-0.015412,-0.14572,0.00076295,-0.013275
0.0053407,0.14237,-0.098116,-0.12436,-0.019379,-0.14755,-0.015412,-0.015412
-0.018463,-0.028229,0.10391,-0.10147,0.015412,-0.24918,-0.028229,-0.019074
-0.06302,-0.16892,0.036469,-0.14206,0.035248,-0.26535,-0.011139,-0.01297
-0.059968,0.1323,-0.098726,-0.17288,0.015412,-0.50706,-0.033417,-0.037385
-0.021515,0.10208,-0.056306,-0.16068,0.034333,-0.51591,-0.074006,-0.040742
-0.024872,-0.087739,0.032197,-0.11948,0.02182,-0.16648,-0.0050355,0.028229
-0.022126,-0.14267,-0.020294,-0.12558,0.02884,0.014801,0.0065614,0.027619
-0.0041199,-0.023651,-0.070344,-0.13321,0.029145,0.14725,-0.0035096,0.017548
-0.031281,0.10788,-0.022431,-0.10117,0.0206,0.085298,0.0013733,0.025483
-0.035554,0.017853,-0.040742,-0.10513,0.016632,0.20768,0.02182,0.0090028
-0.01297,-0.032502,-0.36057,-0.1265,0.0056458,0.31388,0.0383,0.012055
-0.013581,-0.12589,-0.42649,-0.13565,-0.013581,0.45182,0.04715,0.025483
-0.024262,-0.16861,-0.29831,-0.1796,-0.016938,0.63005,0.07126,0.043793
-0.077363,-0.11826,0.48173,-0.018769,-0.038911,0.28061,0.075227,0.025483
-0.072786,-0.14481,0.45884,-0.0972,-0.023651,0.053254,0.035859,-0.012055
-0.057832,-0.10849,0.19669,-0.12039,0.0038148,-0.092317,0.024262,-0.010834
-0.0056458,-0.065766,-0.17777,-0.1799,-0.0010681,-0.14206,0.016022,0.019989
0.02884,-0.05478,-0.002594,-0.19974,0.0056458,-0.18204,-0.017243,0.033417
-0.036469,0.012665,-0.031891,-0.12253,0.015412,-0.30533,-0.024567,0.03769
0.057832,0.079805,0.048676,-0.043183,0.016632,-0.28977,-0.011444,0.031281
0.02884,0.093538,-0.54124,-0.077668,0.07126,-0.60105,-0.03769,-0.0062562
-0.089265,0.070649,-0.52018,-0.040436,0.059968,-0.36301,-0.035248,0.013886
-0.057221,0.15244,-0.215,-0.36362,0.043793,-0.073701,-0.047761,-0.0019837
-0.038605,0.060273,-0.11704,-0.22782,-0.0050355,0.048371,-0.022126,-0.0035096
-0.044709,-0.28977,0.3505,-0.016327,-0.019379,0.13291,0.0013733,0.013581
-0.03769,-0.29343,0.13474,-0.074617,0.043183,0.10788,-0.010834,-0.0086976
0.0019837,-0.12039,0.065766,-0.12436,0.031586,0.26291,0.01297,-0.015412
0.033417,0.0080873,-0.069429,-0.15,-0.018769,0.32029,0.076143,0.0071717
0.016938,0.056306,-0.1323,-0.13169,-0.028229,0.56809,0.088655,0.022736
-0.014191,-0.0096132,-0.12985,-0.13077,-0.018158,0.53208,0.069734,0.02121
-0.042573,0.034333,-0.15885,-0.17685,-0.0074769,0.18326,0.045624,0.0080873
-0.045319,0.20829,-0.24216,-0.1561,-0.0032044,0.0099184,0.016022,-0.010529
-0.030365,0.2739,-0.13046,-0.14389,-0.015412,-0.12436,-0.002594,-0.026703
-0.0056458,0.14237,-0.22751,-0.009308,0.010834,-0.11551,0.0053407,0.005951
-0.038605,-0.11887,0.16861,-0.057527,0.027619,-0.23362,0.00076295,0.042267
-0.093843,-0.63584,0.51743,0.022126,0.034028,-0.29252,-0.020905,0.02182
-0.086213,-0.65446,0.013886,-0.27451,0.027314,-0.38376,-0.059358,-0.015106
-0.049287,-0.070649,0.066072,-0.31022,0.030976,-0.60777,-0.046845,-0.025483
0.015106,0.070039,-0.19974,-0.24521,-0.0056458,-0.30289,-0.017548,0.0077821
0.02945,0.10849,-0.3917,-0.15091,-0.0019837,-0.042878,-0.0068666,0.030976
0.023041,0.0016785,-0.20676,-0.16495,0.0013733,0.1265,-0.017243,0.024872
-0.0056458,-0.11246,-0.00076295,-0.073396,0.0071717,0.15122,0.002594,0.041352
-0.035248,-0.036164,0.22873,-0.070954,0.027314,0.13687,0.030365,0.041962
-0.031281,-0.050202,0.16251,-0.14145,0.015106,0.31846,0.035859,0.035859
-0.0206,0.048676,-0.13748,-0.11093,-0.014496,0.35904,0.063325,0.040436
0.014191,0.35843,-0.23392,-0.10056,-0.023651,0.64164,0.066682,0.035554
0.0035096,0.3035,-0.56352,-0.11093,-0.010834,0.41489,0.069734,0.013581
-0.025788,0.30228,-0.18936,-0.1387,-0.018463,0.1207,0.055085,0.0096132
-0.079194,0.098421,0.026093,-0.10086,-0.00015259,-0.048066,0.005951,-0.02121
-0.11643,-0.55833,0.53544,-0.023041,0.02182,-0.1619,-0.020294,-0.052033
-0.034943,-0.72404,0.22721,-0.11398,0.027924,-0.13596,-0.026703,-0.056916
-0.048676,-0.40452,-0.33921,-0.099947,0.0013733,-0.3032,-0.012665,0.002594
-0.082246,-0.12772,-0.27329,-0.14847,0.011139,-0.27512,-0.0044251,0.0010681
-0.015717,0.053864,-0.087129,-0.19547,0.042878,-0.5037,-0.054475,-0.029145
0.005951,0.077363,-0.051118,-0.18112,0.027924,-0.52415,-0.057832,0.0038148
-0.011444,0.099947,-0.061189,-0.15702,0.013275,-0.16007,-0.016938,0.049592
-0.045624,0.15244,-0.04715,-0.14755,0.016022,0.032807,0.0028992,0.02182
-0.032807,0.17472,-0.034943,-0.091096,0.016938,0.13169,0.024262,0.0206
-0.00015259,0.087129,0.16556,-0.069429,0.018158,0.13474,0.024262,0.018158
-0.0047303,0.030671,0.076448,-0.11917,0.012055,0.19425,0.050202,0.02182
-0.03769,-0.091707,-0.040436,-0.14054,0.0090028,0.31601,0.041962,0.019379
-0.081025,-0.24643,-0.26169,-0.18204,0.0028992,0.48203,0.052338,0.019684
-0.041047,-0.17014,-0.53544,-0.15763,-0.0062562,0.61234,0.075532,-0.010224
0.0065614,0.24338,-0.03769,-0.078279,-0.017548,0.2742,0.077363,-0.0035096
0.01297,0.12619,0.11002,-0.11917,-0.010224,0.050507,0.050202,0.027924
0.013275,0.0041199,-0.047761,-0.15579,0.005951,-0.090486,0.014801,0.032197
0.016022,-0.35752,-0.036774,-0.15885,0.0053407,-0.14054,-0.017548,0.019684
-0.029755,-0.67491,-0.085908,-0.17502,0.00045777,-0.15763,-0.033112,0.0077821
0.012665,0.040436,-0.17807,-0.18875,0.005951,-0.29374,-0.0383,-0.002594
0.014801,0.28458,-0.01236,-0.10361,0.013581,-0.35233,-0.01297,0.027619
-0.015717,0.33463,0.12467,-0.19974,0.026703,-0.58488,-0.029755,0.037995
-0.058137,0.23545,-0.020294,-0.43046,0.058137,-0.36332,-0.068208,0.0071717
-0.042878,-0.11978,-0.083162,-0.28519,0.025177,-0.079194,-0.031586,0.0032044
-0.024262,-0.24002,-0.13138,-0.055695,-0.0080873,0.075532,0.0028992,0.0090028
-0.030365,-0.12833,-0.092622,0.19821,0.002594,0.13962,0.025483,0.017243
-0.010834,-0.064546,0.011444,0.38926,0.029145,0.11704,0.039216,-0.0047303
-0.041352,-0.10025,0.02945,-0.068208,0.033417,0.24765,0.037079,-0.0068666
-0.069734,-0.095674,-0.005951,-0.20554,0.0016785,0.30686,0.045319,0.00045777
-0.059052,-0.074006,-0.049287,-0.18814,-0.011444,0.60777,0.04593,-0.0383
-0.040436,0.030671,-0.2031,-0.17319,-0.032807,0.54368,0.062104,-0.02945
-0.021515,0.17166,-0.18753,-0.16892,-0.035248,0.1854,0.039521,0.002594
-0.027619,0.037079,-0.14847,-0.168,-0.020905,-0.011749,0.02182,-0.0071717
-0.036469,-0.11948,0.011444,-0.12375,-0.0022889,-0.13809,0.011444,-0.00015259
-0.044709,-0.17075,0.23758,-0.10971,-0.0096132,-0.12741,0.017853,0.012665
-0.031891,-0.10056,0.092927,-0.17197,-0.0044251,-0.21408,0.0050355,0.0206
0.0050355,0.1677,-0.077058,-0.21469,-0.00015259,-0.31144,-0.016938,0.010834
0.017243,0.2266,-0.16373,-0.2388,0.0050355,-0.39628,-0.027314,0.019074
-0.00045777,0.048066,-0.18296,-0.19821,0.010834,-0.61662,-0.034333,0.03769
-0.033722,-0.10422,-0.3035,-0.12863,0.030365,-0.26169,-0.034943,0.031891
-0.023346,-0.25467,0.033417,-0.08896,0.050202,-0.025788,-0.0206,0.0028992
-0.035248,-0.29374,0.43229,-0.103,0.04715,0.099336,-0.017548,-0.00076295
-0.029755,0.0032044,0.11337,-0.11917,0.025177,0.13901,-0.002594,0.0080873
-0.040436,-0.070954,-0.35935,-0.10513,0.016632,0.13962,0.034028,-0.002594
-0.043793,-0.16556,-0.38132,-0.15061,0.0065614,0.31601,0.029755,0.009308
-0.043183,-0.062715,-0.091096,-0.16159,0.015717,0.37644,0.037079,-0.00015259
-0.027008,0.019989,-0.10422,-0.17655,-0.014801,0.64775,0.068208,0.016938
-0.027008,0.085603,-0.085908,-0.1265,-0.023346,0.40269,0.066682,-0.0022889
-0.0053407,0.066072,-0.088655,-0.12589,-0.010224,0.11307,0.049897,-0.0062562
-0.037385,-0.038911,0.08011,-0.091096,0.0035096,-0.066072,0.016938,0.005951
-0.052644,0.011444,-0.070954,-0.071565,0.0099184,-0.15152,-0.0047303,-0.0032044
-0.015717,0.060273,-0.095369,-0.11948,0.031891,-0.1323,-0.022126,-0.024567
-0.033722,0.040436,0.15549,-0.017243,0.018769,-0.26566,-0.0068666,-0.020294
-0.035248,-0.049592,0.066377,-0.16709,0.052338,-0.27726,-0.030671,-0.028534
-0.0068666,-0.012665,-0.055085,-0.22293,0.044099,-0.51804,-0.028229,0.00076295
-0.0090028,-0.16373,-0.06302,-0.21683,-0.01236,-0.51713,-0.011139,0.02884
-0.029755,-0.22629,-0.12955,-0.18784,-0.002594,-0.14847,-0.0083925,0.051118
-0.02945,-0.095979,-0.081331,-0.14725,0.0053407,0.0068666,0.017853,0.051118
0.011749,-0.12009,-0.074922,-0.13291,0.009308,0.13596,0.0028992,0.049592
-0.022736,0.024262,-0.21103,-0.12467,0.016632,0.11124,0.01297,0.057221
-0.023346,0.19547,-0.19516,-0.16709,0.031281,0.24155,0.013275,0.022126
-0.010529,0.19821,-0.19089,-0.13718,0.009308,0.30594,0.005951,0.0019837
-0.051423,0.13413,-0.15457,-0.05539,-0.0068666,0.4506,0.055695,0.034028
-0.056611,-0.19242,0.66148,-0.02121,-0.0028992,0.62181,0.071565,0.0080873
-0.059358,-0.68284,0.3679,-0.069734,-0.010224,0.28,0.057832,-0.01236
-0.027008,-0.22049,-0.19913,-0.15915,-0.0032044,0.067597,0.042878,-0.0032044
-0.034333,0.053254,-0.21195,-0.12863,0.0038148,-0.086213,0.009308,0.017853
-0.045319,-0.012665,-0.49332,-0.12375,0.009308,-0.14481,0.011444,-0.0074769
-0.0041199,0.1564,-0.51102,-0.22995,0.02182,-0.1387,-0.030671,-0.03769
0.012665,0.069734,-0.11246,-0.18875,0.00076295,-0.31113,-0.040742,-0.014191
0.018769,-0.048066,0.20523,-0.12741,-0.0065614,-0.33768,-0.013581,0.014191
0.002594,-0.21286,0.38926,-0.0065614,0.0035096,-0.61875,-0.034638,0.0035096
-0.01297,-0.14664,0.1268,-0.0795,0.039521,-0.38315,-0.050507,-0.00045777
-0.0056458,0.168,-0.10544,-0.11734,0.017548,-0.056611,-0.022736,0.012665
0.0050355,0.35569,-0.13657,-0.23209,0.017243,0.038605,0.0068666,-0.0056458
0.0016785,0.30747,-0.25132,-0.22385,0.032807,0.14084,0.02121,0.034943
-0.027314,0.11124,-0.16648,-0.13077,0.027924,0.13504,0.031586,0.046845
-0.07187,-0.35874,-0.24552,-0.12375,0.044099,0.32609,0.043793,0.0206
-0.051728,-0.43381,-0.081331,-0.14847,0.017853,0.34501,0.031891,0.0041199
-0.057221,-0.17685,0.085298,-0.030976,-0.016938,0.56168,0.079194,0.021515
-0.039826,0.035859,0.15915,-0.028534,-0.023346,0.52018,0.074311,0.019684
-0.043183,0.048066,-0.29679,-0.081025,-0.01297,0.18845,0.033417,-0.0019837
-0.064851,-0.02945,0.022736,-0.037385,-0.040742,-0.0041199,0.0090028,0.002594
-0.047456,0.016022,0.28916,-0.18601,-0.023346,-0.15518,-0.010529,-0.015412
-0.034943,-0.19059,0.3508,-0.11521,-0.0050355,-0.12894,-0.012055,-0.009308
0.0071717,-0.0383,-0.16983,-0.26566,0.0050355,-0.23148,0.0013733,-0.0035096
0.0010681,0.14328,-0.095979,-0.26017,0.016022,-0.2974,-0.00045777,0.02182
-0.0056458,0.21225,-0.13687,-0.10269,0.01297,-0.43076,-0.029145,0.033417
-0.0080873,-0.040742,-0.11826,-0.14206,0.05417,-0.5687,-0.059052,-0.018769
-0.041352,-0.2269,-0.27634,-0.1976,0.048981,-0.24887,-0.0035096,0.0010681
-0.0972,-0.25956,-0.33219,-0.29221,0.019684,-0.026398,-0.0044251,0.016938
-0.12222,-0.07248,-0.012055,-0.19364,0.023651,0.077668,0.012665,0.027008
-0.0086976,0.486,0.037385,-0.11337,0.0077821,0.14267,0.021515,0.022126
0.048981,0.50187,-0.12222,-0.08896,0.0035096,0.17227,0.015106,0.031891
0.034028,0.25925,-0.26932,-0.025177,-0.015106,0.30716,0.078279,0.07187
-0.0010681,-0.14267,-0.081941,0.027924,0.015717,0.38651,0.084077,0.0383
-0.0206,-1.0051,0.25223,-0.079805,0.029755,0.67613,0.082856,0.0019837
-0.041352,-0.31235,-0.24643,-0.14389,-0.0028992,0.40299,0.058442,-0.02884
0.0019837,0.070344,-0.15305,-0.12802,-0.052949,0.083772,0.047761,-0.014191
-0.027008,0.083467,-0.068513,-0.12924,-0.024262,-0.048981,0.03006,0.009308
0.012055,0.30533,0.1564,-0.11856,-0.0083925,-0.14359,0.0019837,0.018769
-0.0013733,0.049287,-0.0096132,-0.14054,0.011444,-0.13138,0.011749,0.0096132
-0.072175,-0.29587,-0.17411,-0.15091,0.023041,-0.26627,-0.0041199,0.0074769
-0.037385,-0.31693,-0.16007,-0.16556,0.030976,-0.26627,-0.030365,0.0050355
-0.058137,-0.5449,-0.055695,-0.19486,0.012055,-0.56352,-0.022736,0.0050355
-0.034638,-0.073701,0.019379,-0.2034,0.013581,-0.486,-0.065156,-0.012665
-0.042878,0.15763,0.29038,-0.094453,0.016022,-0.15518,-0.031891,0.017548
-0.028534,0.37766,-0.045624,-0.087739,0.028229,0.0044251,0.010529,0.027008
-0.0383,0.085298,-0.28244,-0.096284,0.039521,0.12314,0.0096132,0.019379
-0.056001,-0.3621,-0.23148,-0.17899,0.02884,0.098726,0.011139,0.025483
-0.063325,-0.34836,-0.023651,-0.1268,0.0068666,0.23514,0.014801,0.0010681
-0.0068666,-0.084382,0.048676,-0.11032,-0.0022889,0.29618,0.031891,-0.015412
-0.022431,0.022126,0.064546,-0.0972,0.0047303,0.45853,0.065156,0.010529
-0.029755,0.1323,-0.075837,-0.086519,-0.015106,0.63859,0.094759,0.038911
-0.048981,0.13016,-0.19577,-0.1265,-0.009308,0.28611,0.057527,0.025177
-0.031891,0.092622,-0.52201,-0.13993,-0.0047303,0.049592,0.010529,0.0041199
-0.0053407,0.017243,-0.075227,-0.11887,-0.0028992,-0.1149,0.013275,-0.0050355
-0.018463,-0.13809,0.39048,-0.084993,0.002594,-0.12863,0.0028992,0.015412
-0.013581,0.011139,0.28458,-0.11704,0.029755,-0.15244,-0.0028992,0.009308
-0.018158,0.013581,-0.040742,-0.14328,0.0077821,-0.31449,-0.0028992,0.016938
0.0068666,0.16373,-0.20096,-0.15396,0.011139,-0.30076,-0.032502,-0.0022889
0.017243,0.15335,-0.17533,-0.18753,0.035859,-0.60044,-0.053254,-0.024567
-0.032807,-0.1088,-0.067903,-0.1561,0.03006,-0.37186,-0.029755,-0.0062562
-0.056611,-0.1799,-0.030671,-0.15396,0.032807,-0.093843,-0.023651,0.0077821
-0.022736,-0.34226,0.0041199,-0.15061,0.035248,0.056306,-0.029755,-0.0065614
-0.012665,-0.1857,-0.076143,-0.15976,0.017853,0.15366,0.011749,-0.002594
-0.011444,0.13626,-0.12284,-0.15335,0.011749,0.13657,0.03769,0.026093
-0.017243,0.20676,-0.095979,-0.12741,0.0090028,0.29099,0.035859,0.038911
-0.022736,0.076753,-0.0972,-0.10788,0.009308,0.34134,0.032197,0.02945
-0.041352,-0.12161,0.084077,-0.10483,-0.0032044,0.59831,0.035859,0.017548
-0.065461,-0.14023,-0.013886,-0.11795,-0.033417,0.5391,0.086519,0.013581
-0.041352,-0.037385,-0.002594,-0.059663,-0.035554,0.19516,0.056001,-0.029145
-0.027314,-0.019684,-0.10513,-0.042267,0.015717,-0.0086976,0.0086976,-0.047456
-0.049287,0.066377,-0.25925,-0.12955,0.074311,-0.12802,0.011139,-0.011139
-0.03769,0.27665,-0.066987,-0.1326,0.038911,-0.13199,-0.0019837,-0.018158
-0.08072,0.070344,-0.15305,-0.20371,-0.0022889,-0.26047,-0.013581,-0.018769
-0.042573,-0.010224,-0.23117,-0.19486,-0.00076295,-0.29374,-0.031891,-0.023651
-0.027008,-0.20768,-0.13748,-0.18296,0.012055,-0.41062,-0.023346,0.0019837
0.049897,-0.44205,-0.011749,-0.17716,0.016632,-0.59098,-0.054475,0.024872
0.019989,-0.18692,0.57023,-0.12802,0.02182,-0.24063,-0.024567,0.042878
0.027314,-0.034638,-0.0035096,-0.12741,0.015106,-0.047761,0.00045777,0.06302
0.036774,0.0019837,-0.17777,-0.1326,-0.0041199,0.10513,0.011139,0.065156
0.018769,0.20676,-0.15946,-0.1265,-0.0090028,0.14572,0.02945,0.056306
0.0074769,0.27604,-0.21561,-0.17655,0.011749,0.15824,0.024872,0.024262
0.015106,0.14115,-0.21012,-0.16373,0.002594,0.28672,0.039521,0.0383
-0.023041,-0.12284,0.1503,-0.048676,-0.019074,0.3975,0.041657,0.06302
-0.077363,-0.51835,0.014496,-0.047456,-0.028229,0.66606,0.059358,0.053254
-0.038605,-0.079805,-0.017548,-0.049592,0.011139,0.39017,0.031281,-0.0062562
-0.01236,0.14054,0.12863,-0.2208,0.0053407,0.085908,0.0047303,-0.0083925
-0.067903,-0.074311,0.014496,-0.11246,0.015106,-0.065766,0.019379,0.010529
-0.056916,-0.28,-0.21408,-0.0795,0.036164,-0.15702,-0.020905,-0.033722
-0.059052,-0.10086,-0.099641,-0.31449,0.027008,-0.14389,0.0041199,-0.025483
-0.052644,-0.066072,-0.10544,-0.33341,0.013275,-0.25834,-0.020294,-0.012665
-0.013275,-0.18753,0.15244,-0.098726,0.0206,-0.29984,-0.044709,-0.00015259
0.011749,-0.12863,-0.4799,-0.16129,0.022736,-0.54063,-0.011139,0.056306
-0.045319,-0.1503,-0.31418,0.13596,0.011139,-0.45945,-0.015717,0.058137
-0.05478,0.049592,-0.3444,0.2092,0.018769,-0.12345,0.00076295,0.041657
-0.025177,0.40391,0.46067,-0.20615,0.043488,-0.009308,-0.0065614,-0.00076295
-0.022126,0.36088,0.059968,-0.23239,-0.0068666,0.12955,0.029755,-0.0041199
-0.050813,0.019989,0.41703,-0.03006,0.0056458,0.12497,0.031586,-0.0053407
-0.0065614,0.018158,-0.070344,-0.060883,0.041657,0.20737,0.021515,-0.0065614
-0.0035096,0.089876,0.065156,-0.053559,0.032197,0.2797,0.035859,-0.0028992
-0.027008,-0.20493,-0.082856,-0.14511,-0.00015259,0.49577,0.051118,0.002594
-0.039521,-0.51102,-0.13931,-0.32456,-0.01297,0.61143,0.060273,-0.012665
-0.027619,-0.34409,0.062104,-0.31937,-0.04715,0.25406,0.050202,0.00076295
-0.077974,-0.23087,-0.18936,-0.15366,-0.067597,0.052644,0.040131,0.023957
-0.027314,0.016022,-0.12894,-0.14267,-0.0096132,-0.069123,0.014191,-0.0062562
0.016632,0.05417,-0.095369,-0.055695,0.021515,-0.13474,-0.0053407,-0.019379
0.019684,0.12558,-0.38834,-0.17533,0.031281,-0.17166,-0.025788,0.0053407
-0.00045777,0.09659,-0.71458,-0.17288,0.016938,-0.29129,-0.025788,0.005951
-0.02121,0.019379,-0.5098,-0.066682,-0.00015259,-0.28519,-0.014801,0.0090028
-0.050813,-0.21164,0.51438,-0.084382,0.031281,-0.59464,-0.047456,-0.019074
-0.025177,0.0038148,0.4567,-0.12741,0.041962,-0.39353,-0.043183,0.0099184
-0.069123,0.0795,0.084077,-0.121,0.0038148,-0.082551,-0.011444,0.039826
-0.024567,0.069734,0.018769,-0.28916,0.025483,0.08896,-0.017548,0.0080873
-0.027619,0.17319,-0.13779,-0.29801,0.014801,0.12192,0.02121,-0.00015259
-0.013581,-0.017548,-0.10086,-0.10452,-0.025177,0.099031,0.037995,0.017243
0.0050355,0.019379,-0.089265,-0.096895,0.013886,0.29374,0.027314,0.020905
-0.00015259,0.0086976,-0.070954,-0.036164,0.022736,0.31174,0.056001,0.042267
-0.0041199,-0.045319,-0.049897,-0.065461,-0.0062562,0.58061,0.059358,0.062104
-0.022126,-0.060273,-0.078279,-0.11521,0.002594,0.53696,0.079805,0.072786
-0.026398,0.026398,0.04654,-0.055085,0.0010681,0.1561,0.05417,0.05539
-0.01236,0.078279,0.036164,-0.095369,0.025788,-0.0080873,0.016632,0.022736
-0.0062562,0.0022889,-0.10849,-0.16556,0.020905,-0.13443,0.013581,0.014191
-0.0056458,-0.090791,-0.061189,-0.17197,0.0050355,-0.13809,-0.0050355,0.017853
-0.062715,-0.34989,0.070649,-0.075227,0.022126,-0.24308,-0.0056458,-0.012665
-0.056916,-0.22293,-0.48417,-0.14969,0.030365,-0.28244,-0.0071717,-0.015717
0.028229,0.35721,-0.063935,-0.22385,0.017548,-0.39963,-0.032502,-0.018158
-0.011444,0.21378,0.1207,-0.23941,-0.0013733,-0.59464,-0.049592,0.0047303
-0.04715,-0.099641,-0.28,-0.14603,0.00045777,-0.2269,-0.031891,0.0086976
-0.011444,-0.14206,-0.058137,-0.16007,0.040131,0.0065614,-0.047456,-0.039826
-0.067597,-0.58183,-0.0096132,-0.15885,0.034943,0.091402,0.0016785,0.014801
-0.084993,-0.26902,0.1033,-0.073091,0.0032044,0.13535,0.018769,-0.0053407
-0.038911,0.057527,0.0099184,-0.15396,0.023957,0.15732,-0.014191,-0.045624
-0.043488,0.034638,-0.16281,-0.061494,0.0074769,0.29007,0.0010681,-0.027008
-0.040436,-0.00076295,-0.15091,-0.05417,0.011749,0.39567,0.013581,-0.0080873
-0.0206,0.02121,-0.17411,-0.010834,-0.00015259,0.67216,0.063935,0.027314
-0.013581,0.044709,-0.25559,-0.10636,-0.023041,0.38254,0.079194,0.018158
-0.032502,0.022126,0.12955,-0.079194,-0.014191,0.08835,0.052949,0.0086976
-0.018463,0.16953,0.095064,-0.24186,-0.0096132,-0.048981,0.03006,0.024872
-0.024567,0.35447,0.36728,-0.20584,-0.01297,-0.13596,0.011749,0.017243
0.0090028,0.33036,0.19181,-0.12436,-0.016632,-0.13657,-0.0032044,-0.0086976
-0.028534,-0.15427,-0.15488,-0.099947,0.011139,-0.27329,-0.0041199,-0.0022889
-0.041047,-0.43168,-0.25437,-0.12375,0.027619,-0.28061,-0.018769,0.011139
-0.022736,-0.64683,-0.10483,-0.13779,0.053559,-0.52445,-0.041962,-0.00076295
-0.040436,-0.55283,-0.12741,-0.14511,0.037995,-0.51682,-0.041657,0.032197
-0.034943,-0.078584,-0.062409,-0.14298,0.035248,-0.15091,-0.022431,0.037385
0.0019837,0.20859,-0.0972,-0.14969,0.024262,0.010224,0.0016785,0.029145
0.0053407,0.13748,-0.058137,-0.14694,0.0206,0.14145,0.0028992,0.019684
0.012055,0.070344,-0.059968,-0.15183,0.0016785,0.10117,0.013886,0.011749
0.0032044,0.048066,-0.061189,-0.1445,-0.0047303,0.20981,0.020294,0.012665
-0.031281,-0.045624,-0.078889,-0.11337,-0.015717,0.29892,0.041962,0.028229
-0.040742,-0.092927,-0.073091,-0.11093,-0.020294,0.46983,0.059663,0.036164
-0.051423,-0.072175,-0.048066,-0.094453,-0.017243,0.64378,0.067903,0.023651
-0.048371,-0.11398,-0.01297,-0.12253,-0.015412,0.27573,0.051728,-0.0022889
-0.0028992,0.26932,0.083772,-0.13046,-0.0083925,0.034638,0.031891,-0.0056458
-0.013275,0.25528,0.010529,-0.12375,-0.013581,-0.079805,0.03006,0.0053407
0.016022,0.22873,-0.05478,-0.11521,0.013886,-0.096284,-0.021515,-0.016327
0.002594,0.2504,-0.25956,-0.092927,0.010834,-0.17807,-0.0065614,-0.0083925
-0.083162,-0.057832,-0.38682,-0.16617,0.015412,-0.32609,-0.01297,-0.0096132
-0.22354,-0.56992,-0.016327,-0.16892,0.021515,-0.31388,-0.031586,-0.02945
-0.14267,-0.58091,-0.15854,-0.32578,0.0099184,-0.6334,-0.057527,-0.052949
-0.032807,-0.037385,0.042878,-0.19669,0.010529,-0.38437,-0.058137,-0.056001
-0.0086976,-0.041962,0.19608,-0.018158,0.013581,-0.083772,-0.014496,0.016938
0.025177,-0.012055,-0.024262,-0.052644,0.044099,0.081636,0.017243,0.023651
0.078279,-0.012055,-0.037079,-0.058747,0.042267,0.12741,0.016938,0.013275
0.14298,0.027314,-0.078279,-0.1384,0.027314,0.11948,0.0019837,0.037995
0.065461,0.026398,-0.092622,-0.21622,0.0038148,0.28428,0.032807,0.041352
-0.020294,0.031891,-0.11521,-0.21378,-0.009308,0.33616,0.053254,0.048371
-0.017548,0.017853,-0.12741,-0.1619,-0.0090028,0.58671,0.052338,0.047761
-0.029145,0.063325,-0.17746,-0.10361,-0.020905,0.49882,0.055085,0.050507
-0.065156,-0.012665,-0.028534,-0.072175,-0.0050355,0.17441,0.043488,0.033112
-0.088045,-0.15763,0.21103,-0.058442,0.0038148,0.01236,0.032197,-0.0080873
-0.059663,0.024567,0.033722,-0.10666,0.0010681,-0.13413,-0.010224,-0.034943
-0.030671,0.06363,0.23178,-0.075532,0.013275,-0.12833,-0.016938,-0.031891
-0.033112,0.015717,-0.0016785,-0.052338,0.031586,-0.23087,0.012665,-0.0062562
-0.068208,-0.12039,-0.28153,-0.049287,0.029145,-0.28275,-0.013581,0.012665
-0.037079,-0.2443,-0.35294,-0.1738,0.017548,-0.42832,-0.013275,0.031891
-0.00015259,-0.15427,-0.50401,-0.40269,0.029755,-0.60746,-0.044404,0.034333
0.017853,0.041657,-0.49516,-0.46555,-0.016327,-0.25467,-0.033112,0.055085
0.027008,0.31968,-0.2797,-0.19699,-0.057832,-0.036164,0.0090028,0.058442
-0.0068666,0.34379,0.50919,-0.0062562,-0.016632,0.10697,0.022126,0.057832
-0.079194,-0.17807,0.67887,-0.13657,0.079194,0.16129,-0.013275,0.014191
0.0099184,-0.36423,0.023957,-0.056306,0.049897,0.14389,-0.00045777,-0.012055
-0.0056458,-0.35691,-0.12619,-0.026093,0.023346,0.31388,0.052949,0.030976
-0.055085,-0.1326,-0.002594,0.048676,-0.0032044,0.4036,0.052949,0.053254
-0.04715,0.095674,0.03006,0.23758,-0.032502,0.6743,0.061189,-0.0028992
-0.052949,0.32334,-0.14328,-0.039216,-0.016938,0.39536,0.059052,-0.039826
-0.075837,0.005951,-0.42588,-0.28183,-0.014496,0.074617,0.018769,-0.052949
-0.039521,-0.11154,-0.061799,-0.21775,-0.0013733,-0.070649,0.009308,-0.05539
-0.019074,0.1677,0.1326,-0.13535,-0.0096132,-0.16526,-0.0074769,-0.016938
-0.022736,0.14572,0.15091,-0.10971,-0.0056458,-0.1149,-0.018463,-0.0056458
0.023651,0.092622,0.10788,-0.13504,0.035248,-0.26719,-0.0083925,-0.01236
0.0068666,-0.059358,-0.041657,-0.11582,0.036164,-0.26902,-0.0056458,0.005951
-0.079805,-0.5507,-0.095979,-0.18204,0.020905,-0.53513,-0.013581,0.012665
-0.067903,-0.30838,-0.61662,-0.22599,0.03006,-0.49668,-0.051118,-0.034943
-0.0071717,-0.24186,-0.23056,-0.17563,0.026093,-0.13504,-0.048676,-0.021515
-0.0053407,-0.18173,-0.036164,-0.17716,0.046845,-0.0071717,-0.015106,0.03769
-0.0083925,0.065766,-0.012055,-0.14939,0.014801,0.11673,0.012665,0.059358
0.009308,0.085603,-0.052644,-0.16556,-0.0056458,0.1149,0.027008,0.030976
0.0074769,0.11246,-0.099641,-0.1619,0.0028992,0.22446,0.0383,0.018769
-0.038911,0.0047303,-0.086519,-0.11643,-0.0032044,0.31083,0.051118,0.045319
-0.04593,-0.12161,0.084382,-0.075227,0.0068666,0.47684,0.052338,0.053864
-0.022431,0.061494,-0.005951,-0.10178,0.0038148,0.6096,0.062409,0.025788
-0.043793,0.13382,-0.044709,-0.13718,-0.01297,0.26627,0.049592,-0.00045777
-0.041352,0.39322,-0.058747,-0.12039,-0.023041,0.049592,0.040131,0.0047303
-0.045319,0.37583,-0.055085,-0.1207,-0.00045777,-0.083162,0.018158,-0.0050355
-0.030671,-0.0022889,-0.058442,-0.14908,0.0035096,-0.14694,0.00045777,-0.018158
-0.050507,-0.3444,-0.0206,-0.13565,-0.0041199,-0.15518,0.0077821,-0.019074
-0.027619,-0.7219,0.026398,-0.10575,0.0050355,-0.26017,-0.011139,-0.0090028
0.023346,-0.51896,-0.04593,-0.18906,0.0206,-0.32547,-0.041352,-0.0035096
0.020905,-0.30045,-0.28611,-0.17166,0.0041199,-0.61906,-0.049592,0.028229
-0.012665,-0.0206,-0.40574,-0.26352,0.0086976,-0.35752,-0.045014,0.025177
-0.00015259,0.41215,-0.27848,-0.34928,0.016938,-0.078584,-0.0383,-0.011444
-0.058747,0.26749,0.38224,-0.0041199,-0.002594,0.019379,-0.0074769,-0.0028992
-0.034333,0.074617,0.36088,-0.016022,0.030976,0.12192,-0.0056458,-0.0047303
-0.019074,-0.058747,-0.15457,0.018769,0.040131,0.11368,0.034028,0.009308
-0.044404,-0.10636,-0.041962,-0.041352,0.015717,0.29862,0.056001,0.0096132
-0.058747,-0.13962,-0.024567,-0.13382,0.025177,0.327,0.021515,0.0080873
-0.022126,0.028534,-0.22354,-0.18723,0.0206,0.59037,0.05539,-0.0065614
-0.048676,0.037385,-0.11765,-0.17014,-0.027314,0.50278,0.079194,0.031891
-0.04715,-0.13565,-0.23117,-0.14511,-0.039216,0.17044,0.048066,0.022736
-0.023346,-0.026703,-0.15305,-0.089265,-0.01236,0.015106,0.025788,-0.009308
-0.015717,-0.089876,0.12741,-0.056306,0.017243,-0.12802,0.0056458,0.0050355
-0.029145,-0.032197,0.1268,-0.076448,0.0206,-0.13504,0.0041199,0.020905
-0.024567,0.31083,0.23301,-0.20615,0.010529,-0.23636,-0.0035096,0.011139
-0.014801,0.17258,-0.077974,-0.18265,0.0047303,-0.30137,-0.023651,0.0047303
0.0096132,0.16648,-0.2446,-0.21988,0.0028992,-0.42527,-0.048676,-0.0035096
-0.026398,0.16587,-0.11429,-0.13382,0.017853,-0.55558,-0.033112,0.021515
-0.0062562,0.086519,-0.20127,-0.2211,0.031891,-0.23758,-0.045014,0.020905
-0.0056458,-0.11093,-0.11704,-0.20706,0.016022,-0.032197,-0.011444,0.027924
-0.044404,-0.78294,0.30442,-0.11398,0.005951,0.11948,0.012055,0.031891
-0.026703,-0.19547,0.038911,-0.10391,0.017243,0.11063,0.02121,0.016022
-0.015412,0.30655,-0.15518,-0.10452,0.0050355,0.14206,0.051423,0.022126
-0.034333,0.15671,-0.37339,-0.11063,0.010529,0.29862,0.053864,0.015412
-0.059052,-0.061799,-0.22568,-0.12924,0.0047303,0.41489,0.039216,0.0065614
-0.10575,-0.57389,0.059052,-0.089876,0.0032044,0.65721,0.04654,-0.0044251
-0.099947,-0.4329,0.074006,0.025177,-0.01297,0.36149,0.066377,-0.022736
-0.0090028,-0.034638,0.20493,0.037079,-0.015717,0.10513,0.041657,-0.015106
0.031281,0.15763,0.052033,-0.09659,0.0016785,-0.052338,0.019989,0.016938
-0.011139,0.1207,-0.23148,-0.17899,0.015717,-0.13382,0.016632,0.031281
-0.037385,-0.078279,-0.32364,-0.16526,-0.010224,-0.1387,-0.002594,-0.0028992
-0.027619,-0.19547,-0.21103,-0.18082,0.011749,-0.29099,-0.033112,-0.02884
0.0041199,-0.18387,0.015412,-0.1915,0.019379,-0.27298,-0.034943,-0.012665
0.029145,-0.087434,-0.015412,-0.26749,0.018158,-0.5449,-0.036469,0.0047303
0.041047,0.49607,-0.088655,-0.31785,0.019074,-0.48203,-0.034943,0.026093
0.022736,0.53452,0.051118,-0.14847,0.0041199,-0.13565,-0.017548,0.030365
0.0080873,0.040742,0.051118,-0.051118,0.016022,0.010529,0.014191,0.0383
-0.013581,-0.21775,-0.30777,-0.06363,0.03769,0.14267,0.014191,0.051728
-0.089876,-0.59068,-0.010834,-0.037385,0.045319,0.15183,0.0056458,0.041047
-0.10513,-0.32822,0.010834,-0.14481,0.055695,0.20127,0.016938,0.0010681
-0.059968,0.086519,-0.11337,-0.17075,0.0032044,0.28275,0.034028,-0.0047303
-0.039521,0.22934,-0.091096,-0.10452,-0.01236,0.49485,0.033417,0.023346
-0.089265,0.1677,-0.19547,-0.085298,-0.010529,0.59464,0.050507,0.037995
-0.0044251,0.063325,-0.058442,-0.05417,-0.025483,0.25071,0.073701,0.025483
0.051728,-0.023957,0.1387,-0.11795,-0.014801,0.066377,0.046235,-0.0035096
-0.045319,-0.35508,0.19303,-0.074922,-0.0074769,-0.087739,0.013581,0.0071717
-0.043183,-0.21653,-0.2269,-0.10391,-0.015106,-0.12406,-0.00015259,-0.00076295
0.050507,0.18845,-0.46738,-0.17746,0.002594,-0.14237,0.00045777,-0.024872
-0.022126,0.075837,-0.19486,0.042878,-0.016327,-0.34287,-0.00045777,0.0068666
0.037385,0.19638,0.78904,-0.21988,0.041352,-0.34928,-0.024262,-0.029755
-0.015717,0.25406,0.15579,-0.3386,0.057832,-0.58549,-0.035554,-0.024872
-0.03769,-0.1976,-0.22232,-0.26322,0.010834,-0.36576,-0.04654,-0.0022889
-0.0383,-0.13687,-0.20798,-0.25498,0.020905,-0.096284,-0.0080873,0.0068666
-0.092317,-0.22751,-0.16281,-0.43839,0.022126,0.084993,0.012055,0.015717
-0.08011,-0.54307,-0.2089,-0.34531,0.024872,0.1442,-0.00045777,-0.012055
-0.02945,-0.16251,-0.11765,-0.10361,0.0016785,0.12345,0.027008,-0.019379
-0.014801,0.043183,-0.056001,0.28428,-0.027008,0.28,0.028229,0.031891
-0.025788,-0.029755,0.10056,0.47013,0.029145,0.33341,0.0071717,0.023346
-0.033112,-0.051728,0.031586,0.005951,0.017548,0.61173,0.047761,0.020905
-0.039521,-0.0062562,-0.10483,-0.20706,0.0096132,0.48356,0.082551,0.017548
-0.024262,-0.0062562,-0.082551,-0.1976,0.014191,0.16953,0.077668,0.041047
-0.018158,0.031281,-0.057221,-0.18357,-0.0028992,-0.023041,0.070649,0.05417
-0.0090028,-0.050202,-0.048981,-0.21103,0.0068666,-0.13291,0.024872,0.036164
0.0099184,0.0065614,-0.10452,-0.19211,0.0010681,-0.13565,0.013581,0.031281
0.02121,0.11154,-0.24125,-0.17014,-0.0047303,-0.2443,0.010834,0.021515
-0.0044251,0.012665,-0.19303,-0.1796,0.0019837,-0.26535,-0.013581,-0.0053407
-0.014496,0.10269,-0.073091,-0.16403,0.01297,-0.42374,-0.027619,-0.012055
-0.015106,0.069734,-0.22782,-0.15213,0.014801,-0.59312,-0.045014,-0.024262
-0.021515,0.011749,0.042267,-0.15,0.045014,-0.23697,-0.04654,-0.0068666
-0.056916,-0.05539,0.50736,-0.093538,0.034333,-0.023041,-0.0065614,0.012055
-0.043793,-0.019989,-0.081331,-0.13321,0.015717,0.11337,0.025483,0.0056458
-0.0383,-0.025788,-0.16587,-0.1384,0.02182,0.12253,0.024872,-0.0022889
-0.042573,-0.12619,-0.02182,-0.13321,0.0080873,0.17197,0.02121,0.013275
-0.031281,-0.10178,-0.07248,-0.14328,0.01297,0.33402,0.016938,0.0071717
-0.056611,-0.054475,-0.17685,-0.064546,-0.01297,0.38529,0.036164,0.01297
-0.054475,-0.0096132,-0.15732,-0.13565,-0.019684,0.6746,0.067597,0.016632
-0.045624,-0.073396,0.25223,-0.1265,-0.0068666,0.38773,0.039521,-0.011139
-0.042573,-0.15244,0.035859,-0.14755,-0.025788,0.081636,0.016938,-0.0065614
-0.03769,-0.12345,-0.03769,-0.16281,0.0028992,-0.069123,-0.0022889,-0.0044251
-0.025483,-0.028534,-0.34257,-0.012055,0.0065614,-0.16648,-0.014191,-0.0096132
-0.044404,-0.0047303,0.084382,-0.15152,0.03006,-0.16037,-0.0086976,0.0068666
-0.04654,-0.051423,0.010529,-0.16159,0.022126,-0.30777,-0.0056458,0.011139
0.02945,0.22385,-0.10636,-0.23423,0.049287,-0.29252,-0.040742,-0.022736
-0.0083925,0.077668,-0.093538,-0.13291,0.0010681,-0.5211,-0.010224,0.031281
0.0068666,-0.021515,-0.15488,-0.095369,0.019379,-0.4802,-0.031891,0.016632
0.011749,-0.22599,-0.21439,-0.16129,0.026703,-0.14145,-0.020905,0.019379
-0.00015259,-0.50217,-0.090791,-0.21592,0.034943,0.051728,-0.0086976,0.028229
0.017548,-0.16739,-0.20279,-0.23239,0.014801,0.11765,0.011444,0.027619
-0.062715,0.12711,0.094453,-0.11856,-0.013275,0.10697,0.035859,0.056001
-0.084382,0.23728,0.27329,0.063935,-0.0032044,0.26017,0.028229,0.035248
0.0010681,0.022736,0.062409,-0.12863,0.02884,0.34073,0.033722,-0.021515
-0.025788,0.1091,-0.10269,-0.14572,-0.0053407,0.50126,0.08072,0.045014
-0.028229,0.11765,-0.19364,-0.11795,-0.043488,0.60166,0.08835,0.034333
-0.024872,0.079194,-0.24979,-0.064546,-0.0019837,0.27451,0.045624,-0.0022889
0.0090028,0.32792,-0.22446,-0.13474,0.0019837,0.019074,0.016632,0.0016785
-0.043793,-0.090486,0.0074769,-0.1384,-0.011139,-0.11185,0.0090028,-0.0019837
-0.077363,-0.32853,-0.14298,-0.13321,-0.0062562,-0.14481,0.0032044,-0.014496
-0.057832,-0.40024,0.033417,-0.10513,0.014801,-0.1561,-0.0044251,-0.014801
-0.034638,-0.53513,0.062409,-0.22141,0.018769,-0.30655,-0.014801,-0.012665
-0.018769,0.033417,0.056306,-0.097505,0.0010681,-0.32151,-0.016327,0.013581
-0.061189,-0.065461,0.19852,0.077363,-0.0044251,-0.58732,-0.024872,0.043793
-0.066682,-0.15427,-0.057832,-0.038911,0.059358,-0.34775,-0.048371,0.022736
-0.051118,-0.16464,-0.085908,-0.1973,0.060578,-0.056611,-0.042878,-0.01297
-0.024567,0.076448,-0.47135,-0.38804,0.0086976,0.057527,-0.019074,-0.012665
-0.019074,0.20127,-0.0383,-0.33127,-0.0050355,0.13138,-0.013275,-0.025483
0.030976,0.16403,-0.058137,-0.18387,0.0035096,0.10666,0.0056458,-0.018158
0.023957,0.17624,0.0083925,-0.16922,0.026093,0.28214,0.031586,0.026093
0.024262,0.20554,-0.064851,-0.12741,0.0050355,0.36637,0.049592,0.02945
-0.015717,-0.21622,0.0013733,-0.15854,-0.011444,0.61845,0.061799,0.059052
-0.064546,-0.022431,0.037385,0.0032044,-0.027008,0.50217,0.087434,0.061799
-0.053254,-0.059663,0.017548,0.044709,-0.02884,0.17746,0.04593,0.02182
-0.020294,-0.22049,0.11124,-0.059663,-0.0019837,-0.035554,0.020905,-0.009308
-0.033417,-0.35966,-0.51041,-0.15549,0.021515,-0.15366,-0.0086976,-0.0056458
-0.010529,0.24674,-0.56535,-0.19425,0.012055,-0.12192,-0.020294,0.016632
-0.012665,0.18051,-0.11154,-0.21836,0.019684,-0.23514,-0.033417,-0.020905
-0.026703,-0.024567,-0.30259,-0.1619,-0.0062562,-0.309,-0.0062562,0.0047303
0.028229,0.033112,0.34195,-0.058747,0.0071717,-0.42802,-0.023041,-0.0019837
-0.026703,-0.25742,0.5745,-0.053559,0.065461,-0.58122,-0.034333,0.0206
-0.030671,-0.092927,-0.088655,-0.13962,0.074311,-0.22843,-0.016632,0.038911
-0.011444,0.12955,-0.32181,-0.17929,0.025483,-0.0074769,-0.017243,0.023651
0.016938,0.17227,-0.36667,-0.16312,0.018158,0.11185,0.0080873,0.037079
-0.024262,0.18021,0.015412,-0.047761,0.0077821,0.1149,0.055695,0.053559
-0.031281,0.0056458,0.28611,0.0038148,0.0077821,0.16892,0.025177,0.012055
-0.0053407,-0.2501,0.30228,-0.14176,0.043488,0.31235,0.037385,-0.011139
-0.044404,-0.099336,-0.039216,-0.25437,-0.0050355,0.38895,0.059968,0.041657
-0.077363,-0.06424,-0.21683,-0.23484,-0.018769,0.70909,0.051728,0.00076295
-0.052033,0.12192,-0.081331,-0.099947,-0.014191,0.35233,0.055085,-0.017548
-0.030976,-0.084993,-0.065766,-0.11307,-0.029145,0.08957,0.058137,-0.0096132
-0.056916,-0.67887,-0.13138,-0.079805,-0.014801,-0.070649,0.027008,-0.015717
-0.041352,-0.48447,-0.12345,-0.080415,-0.0035096,-0.15854,0.0013733,-0.011444
-0.030976,-0.0056458,-0.17411,-0.047456,0.011444,-0.1564,-0.016632,0.009308
-0.0032044,0.32792,-0.39322,-0.15488,0.026093,-0.30045,-0.023651,-0.009308
-0.0013733,0.29648,-0.18814,-0.19547,0.031891,-0.29953,-0.02945,0.014801
-0.031281,0.016022,0.70695,-0.098726,0.013581,-0.54704,-0.0096132,0.014191
-0.047456,-0.049897,0.094453,-0.18173,0.025177,-0.47044,-0.056611,-0.025788
-0.065461,-0.22629,-0.24735,-0.13535,0.030976,-0.12253,-0.035859,-0.02121
-0.0086976,-0.12833,-0.1976,-0.14755,0.023957,0.034028,0.0028992,-0.0044251
0.011444,0.22202,-0.22049,-0.15702,0.016938,0.14145,0.026703,0.016938
-0.019074,0.168,0.12558,-0.12772,-0.0044251,0.10544,0.052033,0.0383
-0.045014,-0.021515,0.1445,-0.12741,0.015717,0.27573,0.040436,0.027924
-0.0080873,-0.12192,-0.2797,-0.24582,0.032197,0.33036,0.02182,0.015412
0.043793,-0.25498,-0.2092,-0.45487,0.010529,0.52781,0.040131,0.050202
-0.064546,-0.078584,-0.027619,-0.22995,-0.033112,0.59434,0.079194,0.067903
-0.069429,-0.044099,0.088655,-0.099947,-0.024262,0.24613,0.049897,0.016022
-0.039216,-0.06363,-0.02182,0.097505,-0.029145,0.017243,0.0068666,-0.015106
-0.0074769,-0.058442,-0.096284,0.38895,-0.02884,-0.08011,0.0047303,-0.010224
-0.016632,-0.0074769,-0.039216,0.02945,0.0071717,-0.14633,0.0096132,0.011139
-0.044404,0.07248,-0.12772,-0.30137,0.02945,-0.20615,-0.0047303,-0.0053407
-0.050507,0.085603,-0.21439,-0.18418,0.0080873,-0.30106,-0.0044251,-0.031586
-0.08896,0.07187,-0.18387,-0.22293,0.010834,-0.31449,0.0013733,-0.015412
-0.06363,0.09659,0.0077821,-0.070954,0.043488,-0.59861,-0.018463,0.009308
0.005951,0.15793,0.40818,-0.011139,0.048066,-0.35416,-0.044709,0.0032044
-0.00045777,-0.045319,0.41978,-0.070954,0.03769,-0.10147,-0.011139,0.013886
0.00045777,-0.23575,-0.074311,-0.058137,0.010834,0.083162,0.0090028,0.031281
0.062104,-0.28092,-0.50919,-0.215,0.015412,0.15396,0.017548,0.020905
0.04715,-0.28702,-0.51133,-0.26566,0.027924,0.11185,0.019074,0.04715
0.02121,-0.13352,-0.35294,-0.23972,0.0038148,0.29587,0.016938,0.041657
-0.0044251,0.26658,0.42893,-0.1265,0.023041,0.34012,0.041352,0.023651
-0.043488,0.22843,0.0096132,-0.09781,-0.017548,0.60258,0.052949,0.046235
-0.051728,-0.0096132,-0.077974,-0.11948,-0.019684,0.49149,0.044099,0.0019837
-0.047761,0.0035096,-0.11246,-0.16739,0.017548,0.18418,0.019074,-0.033112
-0.052949,-0.30777,-0.062715,-0.16342,-0.01236,-0.0013733,0.012665,-0.015106
-0.047761,-0.14694,0.041657,-0.15793,-0.014191,-0.14145,-0.018158,-0.0206
-0.047761,-0.10269,-0.16068,-0.09781,-0.0074769,-0.16159,-0.0028992,0.0077821
-0.035248,-0.25834,-0.074006,-0.083467,0.0019837,-0.24552,-0.0206,-0.0013733
-0.056001,-0.18418,0.00076295,-0.1033,0.014191,-0.28397,-0.030671,-0.014191
-0.034943,0.29191,-0.062104,-0.18173,0.023041,-0.45243,-0.024567,-0.021515
-0.025483,0.16953,-0.13321,-0.26383,0.035554,-0.5742,-0.020905,-0.0074769
-0.029755,-0.12009,-0.15915,-0.28458,-0.009308,-0.22477,-0.025788,0.024262
-0.034638,-0.18662,0.018463,-0.12528,-0.013275,-0.0090028,-0.0035096,0.037995
-0.0071717,-0.029755,0.039521,-0.062409,0.040131,0.12467,0.01297,0.02182
-0.0090028,0.02945,0.043793,-0.070649,0.023041,0.12558,0.018158,0.034943
-0.017243,-0.0038148,0.050507,-0.1149,-0.0041199,0.18509,-0.00076295,0.0383
-0.016938,-0.048676,-0.24765,-0.11856,0.0056458,0.31998,0.027619,0.012055
0.0016785,-0.0099184,-0.25162,-0.1735,-0.0074769,0.421,0.027924,0.011749
-0.021515,0.076143,-0.089265,-0.17411,-0.011444,0.65019,0.055695,0.037995
-0.025483,0.084077,-0.084077,-0.17075,-0.017243,0.33677,0.084688,0.023957
-0.041047,0.032197,0.032807,-0.057527,0.0050355,0.073396,0.049287,-0.022431
-0.047761,0.044099,0.050813,-0.039521,0.0019837,-0.088655,0.041047,-0.0019837
-0.034943,0.14725,-0.044709,-0.09659,0.010834,-0.16678,0.01297,0.011444
-0.034638,0.022736,0.027924,-0.1326,0.023041,-0.13687,-0.0086976,-0.01236
-0.032502,-0.22538,0.056916,-0.19059,0.025483,-0.25895,-0.018463,-0.01236
-0.030671,-0.30686,-0.050507,-0.23026,0.030365,-0.27665,-0.033112,-0.0071717
-0.025177,-0.29679,-0.28275,-0.074311,-0.0032044,-0.54337,-0.028229,-0.0028992
-0.046845,-0.056306,-0.19944,0.0028992,0.0071717,-0.46494,-0.041657,-0.0022889
-0.0086976,0.17868,0.024872,-0.056916,0.039521,-0.11093,-0.051728,-0.01297
0.0047303,0.10239,-0.10361,-0.20432,0.027619,0.028229,-0.015412,-0.00045777
0.0013733,0.0074769,-0.11978,-0.30045,0.02121,0.13321,0.02884,0.028229
-0.025788,-0.062409,0.023651,-0.20768,0.019074,0.10147,0.033722,0.041047
-0.029145,-0.10636,0.24094,-0.0795,0.015412,0.22995,0.052338,0.0383
-0.01236,-0.12222,-0.036164,-0.071565,0.024262,0.32792,0.047456,0.022126
-0.009308,-0.12192,-0.097505,0.029145,0.014801,0.52995,0.037995,0.027314
-0.065461,-0.00045777,-0.24979,-0.00015259,-0.016327,0.6041,0.067597,0.056306
-0.04593,0.061799,-0.063935,-0.14115,0.032197,0.24186,0.020294,0.025177
-0.04715,-0.070344,0.3331,-0.23117,0.019379,0.034638,0.0080873,0.0050355
-0.002594,0.005951,-0.068818,-0.3444,-0.019379,-0.13626,-0.0083925,0.0077821
-0.049592,0.052338,-0.65202,-0.21317,-0.044404,-0.17197,-0.0035096,0.032197
-0.0086976,0.13046,-0.27329,-0.023651,-0.0096132,-0.17411,0.022736,0.030976
0.019684,0.18021,-0.22934,-0.094759,0.041962,-0.3035,-0.02884,-0.0206
-0.0065614,0.094453,-0.088045,-0.1207,0.027924,-0.35203,-0.040436,0.0041199
-0.048676,-0.25437,0.54063,-0.10575,0.047456,-0.62242,-0.059968,-0.015412
-0.027619,-0.26017,0.33768,-0.12955,0.052949,-0.34592,-0.049897,-0.0083925
-0.051118,-0.23056,-0.20615,-0.074311,0.0068666,-0.049287,0.0065614,0.025483
0.043488,-0.168,-0.28458,-0.11368,0.02182,0.10117,0.017853,0.0041199
0.032197,0.043183,-0.28855,-0.16464,0.0053407,0.1326,0.027924,0.013581
-0.0068666,0.18326,-0.19425,-0.2974,-0.024567,0.10605,0.04654,0.058137
0.0071717,0.2739,0.23636,-0.21927,-0.018158,0.29709,0.047456,0.036164
-0.0050355,0.30961,-0.29282,-0.18601,-0.002594,0.34348,0.041047,0.015412
-0.0083925,0.33799,-0.12955,-0.098421,0.0086976,0.63706,0.049592,0.019989
-0.061494,-0.0099184,0.2443,-0.040742,-0.02945,0.48173,0.074311,0.0038148
-0.10391,-0.51682,0.16098,-0.084993,-0.010834,0.15305,0.048981,-0.018158
-0.14328,-0.42313,0.4445,0.043793,0.0013733,-0.051728,0.011444,-0.036774
-0.055695,0.023346,-0.41947,-0.068208,0.019989,-0.14389,0.0019837,-0.03769
-0.0044251,-0.18265,-0.23819,-0.13474,0.033112,-0.12863,-0.0080873,-0.036469
-0.034943,-0.36057,-0.22171,-0.081331,0.0050355,-0.22293,-0.0090028,0.014801
-0.0074769,-0.18662,-0.17472,-0.15854,0.0080873,-0.27024,-0.04715,-0.018769
-0.0086976,-0.3267,-0.18906,-0.24094,-0.00015259,-0.45762,-0.039216,-0.012665
-0.057832,-0.094148,0.18112,-0.22354,-0.0010681,-0.55558,-0.042573,0.0050355
-0.0019837,0.31876,0.392,-0.16129,-0.0032044,-0.19913,-0.053254,-0.0010681
0.013581,0.20584,-0.18479,-0.13077,0.0086976,-0.038911,-0.013275,0.022126
-0.015412,-0.02945,-0.10086,-0.10727,0.0056458,0.12985,0.017548,0.040436
-0.050813,-0.37095,-0.16159,-0.05539,0.013275,0.11704,-0.010529,0.034333
-0.035554,-0.262,-0.11704,-0.11582,0.030976,0.15305,-0.002594,0.0206
-0.024262,0.065156,-0.08957,-0.14176,0.034028,0.31724,0.023041,-0.0041199
-0.050507,0.047456,-0.072175,-0.11154,-0.0083925,0.39139,0.049287,0.013581
-0.064546,0.070344,-0.050507,-0.11276,0.0086976,0.66667,0.04715,-0.00015259
-0.048676,0.0206,-0.045624,-0.12711,-0.0041199,0.36118,0.0383,-0.014801
-0.02121,-0.0022889,-0.044099,-0.089876,-0.0028992,0.075837,0.023651,-0.012665
-0.0065614,-0.010224,0.035554,-0.043183,0.015106,-0.066377,0.03006,-0.018769
0.0016785,0.002594,-0.024567,-0.14878,-0.0013733,-0.13901,0.019379,-0.0010681
0.019989,0.042573,0.044099,-0.23117,-0.0065614,-0.14633,-0.0022889,0.014191
-0.018769,-0.047761,0.032502,-0.36362,-0.012055,-0.30991,-0.0032044,0.025788
-0.0080873,-0.095369,-0.25376,-0.16983,0.0010681,-0.28397,0.0013733,0.026703
0.034333,-0.034028,-0.19211,-0.081331,0.081331,-0.56535,-0.0206,0.012665
-0.015717,-0.10269,-0.35203,-0.070649,0.052338,-0.47227,-0.0071717,0.054475
-0.027314,-0.23575,-0.1384,-0.1033,-0.01236,-0.12467,-0.016327,0.059968
-0.055695,-0.15,-0.029755,-0.0047303,-0.031281,0.049592,0.020905,0.052338
-0.031586,-0.00045777,0.38071,-0.16495,0.0028992,0.1622,0.032197,0.036774
-0.08011,-0.028534,0.25803,-0.087739,0.023651,0.082856,0.061189,0.052949
-0.078279,0.34287,-0.68284,-0.18326,0.034943,0.22538,0.072175,0.022736
-0.079805,0.23209,-0.33829,-0.14908,0.0041199,0.32212,0.052949,-0.0065614
-0.012055,0.34043,-0.2977,-0.17411,0.0010681,0.52171,0.016938,-0.049897
0.030365,0.48142,-0.13565,-0.074311,0.010834,0.58274,0.051118,-0.019379
0.046235,0.22995,1.2001,0.039521,0.02884,0.25284,0.011444,-0.023041
0.0056458,-0.20859,-0.060883,-0.048981,0.041047,0.02884,-0.034333,-0.058137
0.017548,-0.13413,-0.41337,-0.17533,0.0016785,-0.11063,-0.0022889,-0.044404
0.012055,-0.21164,0.010529,-0.19181,-0.01236,-0.12039,-0.0053407,-0.018158
-0.040436,-0.49302,-0.061189,-0.13748,-0.047456,-0.24826,0.0053407,0.0383
-0.10758,-0.63981,-0.2031,-0.15091,-0.033417,-0.29953,-0.015106,0.040436
-0.045319,-0.21775,-0.19333,-0.2092,0.0074769,-0.29099,-0.03769,-0.009308
-0.014801,0.022431,0.02182,-0.20096,0.029755,-0.61357,-0.04654,0.011444
-0.002594,0.030365,0.010224,-0.21317,0.0086976,-0.33402,-0.036469,0.045624
-0.015717,-0.0038148,-0.076448,-0.17716,0.019074,-0.062409,-0.014191,0.032807
-0.019379,0.036469,-0.26322,-0.13901,0.016632,0.072175,0.011749,0.030365
-0.002594,0.074311,-0.052644,-0.13901,0.027314,0.1622,0.013886,0.025177
-0.024262,0.1677,-0.059052,-0.10758,0.013275,0.11582,0.010834,0.034943
-0.045319,0.053254,-0.024872,-0.11032,0.0013733,0.29007,0.036164,0.017243
-0.061494,-0.058137,-0.12985,-0.0972,-0.0019837,0.3328,0.041352,0.0077821
-0.057832,-0.033722,-0.30259,-0.13046,-0.012055,0.61875,0.06302,-0.0013733
-0.050813,-0.070039,-0.15732,-0.11582,-0.014801,0.48295,0.070344,-0.00045777
-0.069734,-0.18051,0.20371,-0.079194,-0.013275,0.17227,0.043488,-0.023651
-0.017548,-0.14054,0.10086,-0.12467,0.0010681,0.0086976,0.0010681,-0.041047
-0.038911,-0.11582,0.48264,-0.02121,0.0074769,-0.168,0.0053407,-0.01297
-0.031281,-0.07187,0.047761,-0.088655,0.027314,-0.1445,0.0038148,0.0053407
-0.0065614,0.017243,-0.10697,-0.15213,0.036164,-0.24521,-0.037385,-0.026398
-0.012055,0.068513,-0.14542,-0.15732,0.0086976,-0.29648,-0.022431,0.0019837
-0.016632,0.0206,-0.11093,-0.16129,0.02182,-0.44938,-0.018769,0.017548
-0.0041199,-0.049592,-0.14267,-0.15579,0.02884,-0.55894,-0.035859,0.0080873
-0.010529,-0.16831,-0.34928,-0.22965,0.034333,-0.20523,-0.01297,0.014801
-0.0062562,-0.086213,-0.24918,-0.22232,0.024262,-0.0068666,0.0019837,0.02884
-0.016327,0.05417,0.00076295,-0.16281,0.0074769,0.095369,0.017548,0.036774
-0.015106,0.076753,0.38468,-0.11856,0.029145,0.1146,0.023346,0.037079
-0.014191,0.26413,-0.036774,-0.14176,0.02182,0.18326,0.023346,0.041962
-0.040742,0.13596,-0.19394,-0.13199,0.011139,0.31418,0.027924,0.037079
-0.084077,-0.11856,-0.13962,-0.094759,0.0016785,0.39506,0.016938,0.016632
-0.067292,-0.21256,0.027619,-0.08957,-0.0050355,0.65843,0.04593,-0.010529
-0.0795,-0.29587,0.042573,-0.042878,-0.030671,0.33402,0.031281,-0.014801
-0.070649,-0.29191,-0.0077821,-0.04715,-0.015106,0.085298,0.032197,-0.039521
-0.026398,-0.016632,-0.10849,-0.045319,-0.0056458,-0.07187,0.026093,-0.036774
-0.054475,-0.13046,-0.11917,-0.041352,0.00076295,-0.18296,0.014801,0.0068666
-0.013581,-0.16373,-0.26963,-0.23392,0.021515,-0.13901,-0.0056458,0.023346
-0.0050355,-0.33707,-0.091096,-0.25925,0.02182,-0.28855,-0.0032044,0.025483
0.024262,0.19913,-0.090791,-0.27726,-0.013581,-0.28244,-0.017548,0.019684
0.12467,0.34958,-0.16648,-0.23178,-0.0010681,-0.59129,-0.040742,-0.0056458
0.061494,0.28672,-0.021515,-0.13352,0.023346,-0.45029,-0.019684,0.063325
-0.00045777,0.023651,0.055695,-0.085298,0.05417,-0.099336,0.0028992,0.08835
-0.021515,-0.11246,-0.15122,-0.10758,0.0086976,0.023346,0.0065614,0.04715
-0.020294,-0.14481,-0.0047303,-0.12711,-0.0013733,0.15305,0.028229,0.027619
-0.0032044,-0.26871,0.19059,-0.15885,0.0074769,0.12741,0.012055,0.015412
-0.016938,-0.1445,-0.0795,-0.11582,-0.0090028,0.22934,0.0035096,0.0056458
-0.028534,0.033722,-0.24125,-0.095064,0.011749,0.32273,0.025483,0.0071717
-0.05539,0.29129,-0.5095,-0.12711,0.0086976,0.51408,0.048371,0.022126
-0.065461,0.32242,-0.11521,-0.15702,-0.016938,0.59892,0.070039,0.01297
-0.085603,0.081636,0.41489,-0.049592,-0.014191,0.23575,0.052033,0.0032044
-0.061494,0.0053407,0.74327,-0.025177,0.0041199,0.032197,0.019989,-0.034333
-0.030976,0.18997,-0.22446,0.0035096,0.031891,-0.1384,-0.0050355,-0.050813
-0.031586,0.33982,-0.31846,-0.046235,0.016022,-0.13809,0.010529,-0.017548
-0.019684,0.060578,-0.38712,-0.22324,0.025483,-0.17411,0.0068666,-0.024262
-0.061189,-0.58854,-0.41703,-0.1857,-0.010224,-0.31754,-0.023651,-0.021515
-0.052033,-0.52354,0.13138,-0.10056,-0.035554,-0.36576,-0.0053407,-0.002594
-0.019074,-0.50858,0.49363,-0.092317,0.022736,-0.58427,-0.04715,-0.024872
-0.04593,-0.47074,-0.19577,-0.27573,0.041047,-0.31571,-0.060578,-0.0074769
-0.057221,-0.16342,-0.36484,-0.46616,-0.0080873,-0.041047,-0.00015259,0.012665
-0.009308,-0.036164,-0.04654,-0.12345,-0.0090028,0.08835,0.0099184,0.013886
-0.00045777,0.074311,0.0383,-0.09781,0.040131,0.11887,-0.015412,0.0010681
-0.039216,0.23514,0.030365,-0.078279,0.011139,0.14786,0.027008,0.031586
-0.056916,0.34623,-0.22751,-0.08835,-0.013275,0.33433,0.042267,0.033112
-0.051423,0.10727,-0.1857,-0.094759,0.0010681,0.31815,0.02884,0.011444
-0.035248,0.045624,-0.15976,-0.096895,0.005951,0.63188,0.050202,0.011749
0.0019837,0.17258,-0.11368,-0.087434,-0.011444,0.47074,0.062409,0.011749
0.07248,0.1619,0.07126,-0.1091,0.0041199,0.12894,0.041657,0.0016785
-0.026703,-0.1088,0.26993,-0.12924,0.013581,-0.036469,0.027619,0.014801
-0.05478,-0.29374,-0.11704,-0.094453,0.017548,-0.14603,-0.002594,-0.0035096
-0.052949,-0.44663,-0.1088,-0.13657,0.02945,-0.093233,-0.029145,-0.0068666
-0.035859,-0.18387,-0.12314,-0.18112,0.016938,-0.25223,-0.023651,0.0019837
-0.018769,0.0083925,-0.06424,-0.14603,0.0035096,-0.31052,0.0065614,0.01297
-0.01236,0.065766,-0.02884,-0.16281,0.019989,-0.45243,-0.0206,0.015717
-0.0053407,0.035248,-0.036774,-0.15732,0.038911,-0.57542,-0.04715,0.00076295
0.005951,0.017243,-0.074311,-0.1561,0.035248,-0.18814,-0.0047303,0.028229
-0.00045777,-0.0053407,-0.080415,-0.12802,0.022126,-0.017243,0.032807,0.037385
-0.041047,-0.10208,-0.038605,-0.077668,0.013886,0.099031,0.024872,0.045624
-0.06302,-0.039521,-0.095064,-0.078279,0.033417,0.12009,0.01297,0.030365
-0.018463,0.009308,-0.052949,-0.15091,0.015717,0.17502,0.005951,0.0065614
-0.033112,-0.0047303,-0.034943,-0.20157,-0.016327,0.30472,0.024262,0.016022
-0.054475,-0.026703,-0.048676,-0.18265,-0.012055,0.40757,0.049897,0.017548
-0.034943,-0.036469,-0.045624,-0.1146,-0.031281,0.65782,0.082856,0.0096132
-0.053864,-0.06424,-0.0090028,-0.084993,-0.021515,0.34287,0.078584,0.011749
-0.045624,-0.065766,0.042573,-0.078584,0.0053407,0.080415,0.025483,-0.024872
-0.024567,-0.050813,0.041047,-0.18143,0.015106,-0.085603,0.018158,-0.036774
-0.035859,-0.060578,0.18967,-0.22568,0.0053407,-0.13687,0.019379,-0.024262
0.0080873,0.019379,-0.023041,-0.53056,-0.018463,-0.13596,-0.010834,-0.025788
0.026703,-0.010529,-0.59586,-0.34134,-0.043183,-0.27451,-0.035554,-0.00015259
0.01297,0.12924,-0.35386,0.035554,0.002594,-0.27665,-0.0062562,0.043793
-0.040436,0.092317,-0.14633,0.081941,0.072175,-0.55344,-0.021515,0.023651
-0.0044251,0.2916,-0.42374,0.21927,0.039216,-0.44602,-0.035859,-0.0074769
-0.058747,0.13626,0.045624,0.20676,0.011749,-0.14359,-0.013275,0.02121
-0.0068666,-0.12772,-0.016327,-0.26047,0.041352,0.023041,-0.012665,0.002594
-0.065156,-0.53666,0.39231,-0.22934,0.065766,0.13596,-0.0080873,-0.0071717
-0.070954,-0.34409,0.15152,-0.090486,0.01297,0.099641,0.053254,0.055085
-0.079194,-0.168,-0.12863,-0.11124,0.03769,0.29282,0.045319,-0.00015259
-0.026703,-0.0035096,-0.061189,-0.14603,0.036164,0.29587,0.02121,-0.0071717
-0.020294,0.053864,0.30747,-0.16678,0.002594,0.49638,0.07248,0.041352
-0.032502,0.13809,-0.03769,-0.16983,-0.016938,0.55802,0.09659,0.081331
-0.011139,0.22171,-0.21317,-0.11246,-0.010529,0.27085,0.070344,0.031586
0.022736,0.14054,-0.11887,-0.13901,-0.011444,0.064851,0.019379,-0.0044251
0.052949,-0.046235,-0.22171,-0.11856,-0.024872,-0.13687,0.0032044,-0.0028992
0.026703,-0.24369,-0.30014,-0.11704,-0.018158,-0.11887,0.0010681,0.0019837
-0.029145,-0.53605,0.13474,-0.066377,-0.00076295,-0.19211,-0.010834,-0.0068666
-0.018158,-0.19944,0.21927,-0.13382,0.018158,-0.3032,-0.036774,-0.016327
0.041657,-0.018158,-0.14511,-0.21622,0.023041,-0.3508,-0.027314,-0.0053407
0.041047,0.018463,-0.15183,-0.24338,0.0013733,-0.61387,-0.031891,0.026703
-0.009308,-0.040436,0.031891,-0.17563,0.0068666,-0.29709,-0.0206,0.057832
-0.037385,0.073091,-0.18814,-0.13291,0.0090028,-0.047761,-0.0019837,0.056001
-0.034943,0.12406,-0.075227,-0.15488,0.014801,0.072175,0.0080873,0.032197
-0.026703,0.079805,0.34012,-0.09781,0.014191,0.13565,0.01297,0.019074
-0.064546,0.099336,-0.11765,-0.093538,0.011444,0.13352,0.025788,0.043183
-0.070649,0.11429,-0.083162,-0.1265,0.034943,0.29465,0.016938,0.017853
-0.055695,0.030365,-0.43534,-0.086824,0.0041199,0.32395,0.044099,0.010834
-0.041352,-0.070649,-0.11521,-0.10636,-0.0053407,0.63249,0.075837,0.037079
-0.04715,-0.13169,-0.0013733,-0.12314,-0.0065614,0.46738,0.053559,0.018769
-0.069734,-0.16007,-0.11154,-0.15183,-0.0068666,0.17838,0.044404,0.0065614
-0.056611,-0.042267,-0.15152,-0.19699,0.0077821,-0.016938,0.0047303,-0.02884
-0.041047,0.013581,-0.092317,-0.19821,0.0071717,-0.15793,0.0041199,-0.033722
-0.027314,-0.066682,-0.026398,-0.14206,0.0038148,-0.14054,-0.0068666,-0.015106
-0.025483,-0.26383,0.15946,-0.10239,0.014191,-0.27146,-0.024567,-0.018769
-0.0086976,-0.090181,0.042878,-0.10544,0.02884,-0.27298,-0.021515,-0.0056458
-0.026398,0.043183,-0.078889,-0.13993,0.027924,-0.45335,-0.030976,0.00076295
-0.028229,0.12711,-0.070344,-0.14755,0.023346,-0.57206,-0.061189,0.009308
0.0041199,0.1033,-0.084077,-0.168,0.036774,-0.17716,-0.047761,-0.00045777
-0.019074,-0.12406,-0.078279,-0.13718,0.021515,-0.017853,-0.015106,0.0019837
-0.011139,-0.14145,-0.053254,-0.12802,0.010834,0.09659,0.020294,0.011749
-0.027314,-0.056306,-0.039826,-0.11673,0.02945,0.11917,0.023346,0.02121
-0.035248,-0.02945,-0.04654,-0.13443,0.011749,0.18814,0.019074,0.017548
-0.028534,-0.016327,-0.069429,-0.13077,-0.0062562,0.3209,0.027619,0.0090028
-0.041962,-0.015412,-0.062104,-0.093538,0.0028992,0.42466,0.042878,0.0077821
-0.024567,-0.039521,-0.055085,-0.11093,-0.0010681,0.66178,0.053864,0.016022
-0.032502,-0.039521,-0.06302,-0.12589,-0.026398,0.32578,0.038911,0.017243
-0.031586,-0.038605,-0.064851,-0.1149,-0.022126,0.082551,0.056306,0.010529
-0.027619,-0.060273,-0.032502,-0.068208,-0.0041199,-0.064546,0.014801,0.01297
-0.047456,-0.059968,-0.024567,-0.037385,0.0038148,-0.15763,0.0013733,0.014191
-0.034943,0.018463,-0.023651,-0.099947,0.017853,-0.13382,0.00076295,-0.010529
-0.014191,0.1735,-0.068208,-0.24643,0.033722,-0.27726,-0.023651,-0.022431
-0.025483,0.13474,-0.16251,-0.36332,0.0035096,-0.2974,0.0050355,-0.0028992
-0.015412,-0.070039,-0.078279,-0.21408,0.0010681,-0.58579,-0.038605,-0.0065614
-0.041657,-0.31846,-0.059052,-0.034333,0.022736,-0.45487,-0.030976,-0.0010681
-0.066072,-0.38712,-0.026703,0.023041,0.030976,-0.11429,-0.015412,-0.0068666
-0.022736,-0.1677,-0.034943,-0.088655,0.038911,0.042878,-0.0010681,0.0028992
0.011749,-0.10178,0.062409,-0.25956,0.0050355,0.14176,0.037995,0.02945
0.0071717,-0.026398,0.14084,-0.18875,-0.0022889,0.097505,0.052949,0.030365
-0.031891,0.014191,-0.074311,-0.060578,-0.0086976,0.2501,0.045319,0.02945
-0.015106,0.22965,-0.30838,-0.093538,0.027008,0.31815,0.017548,0.0038148
-0.079194,0.19547,-0.31266,-0.16678,0.017243,0.53208,0.056611,0.02121
-0.087739,-0.21286,-0.050813,-0.12528,-0.022126,0.5803,0.074617,0.0096132
-0.036469,-0.21866,0.23545,-0.12589,0.0010681,0.23239,0.027619,-0.031586
-0.01297,0.0041199,-0.19303,-0.15518,-0.010834,0.0083925,0.051423,-0.0010681
0.02945,0.19211,-0.48966,-0.093538,-0.019074,-0.084077,0.029145,0.018158
0.069429,0.23667,-0.037079,-0.09781,0.0035096,-0.15763,-0.010224,0.036774
0.049287,0.07126,0.65385,-0.060273,-0.010834,-0.21805,-0.022126,0.07187
0.018769,0.2916,-0.22568,-0.2388,0.0086976,-0.30503,-0.0068666,0.05417
-0.00076295,0.22995,-0.068208,-0.045624,0.013886,-0.34165,-0.014496,0.036774
-0.028229,0.168,-0.40421,-0.056306,0.0099184,-0.58824,-0.049592,0.005951
-0.027314,0.0022889,0.43961,-0.13352,0.040131,-0.27634,-0.052644,-0.012055
-0.010224,-0.11368,-0.3386,-0.28,0.02182,-0.061494,-0.040436,-0.0083925
-0.041657,-0.41093,-0.13718,-0.23514,0.02945,0.077363,-0.018463,0.015412
-0.060883,-0.82689,0.21927,-0.1088,0.023346,0.17166,-0.0041199,-0.0068666
-0.0096132,-0.46647,-0.14572,-0.12192,0.03006,0.13413,0.0016785,-0.01297
-0.046845,-0.1976,-0.19028,-0.1268,0.018158,0.28214,0.031891,0.055695
-0.11612,-0.031891,-0.21347,-0.10758,-0.0074769,0.33341,0.077668,0.057221
-0.11429,0.34226,-0.010834,-0.077363,-0.010529,0.63188,0.045014,-0.0096132
-0.14664,0.17746,0.69688,-0.033722,-0.009308,0.46769,0.041352,-0.027008
-0.096895,-0.12589,-0.30594,-0.0047303,0.022126,0.15976,0.017243,-0.051728
0.020905,-0.19455,-0.28,-0.1973,0.016938,-0.0086976,0.016022,-0.041047
0.011749,-0.044099,-0.11978,-0.17502,-0.040436,-0.16892,0.03006,0.02884
0.035554,0.37522,-0.23392,-0.11063,-0.015412,-0.1442,0.014801,0.043488
0.18265,0.58579,-0.23239,-0.10727,0.02884,-0.26474,-0.0062562,-0.0056458
0.10178,0.1973,0.088655,-0.11185,0.036774,-0.31876,-0.0041199,0.011139
0.00076295,-0.13046,-0.0038148,-0.15976,0.05417,-0.43748,-0.022431,0.019074
-0.097505,-0.55161,0.35019,-0.065156,0.043183,-0.55497,-0.052949,-0.0096132
-0.060578,-0.37217,0.046235,-0.17166,0.046845,-0.19181,-0.035248,-0.016327
-0.023041,0.29648,-0.20981,-0.20523,0.034028,0.0010681,-0.002594,0.014191
-0.020294,0.14542,-0.10636,-0.17136,-0.0022889,0.11856,0.024262,0.044404
-0.034638,-0.28061,-0.10605,-0.19883,0.0056458,0.12497,0.02121,0.016632
-0.078889,-0.4097,-0.045014,-0.1091,-0.0041199,0.1622,0.040131,0.023651
-0.06363,-0.62058,-0.10483,-0.099031,0.011139,0.29282,0.025788,0.021515
-0.027314,0.16007,-0.46891,-0.10239,0.0090028,0.43595,0.029145,0.014191
-0.0068666,0.3743,-0.048981,-0.1619,-0.022126,0.65599,0.096284,0.04715
-0.0065614,0.25528,0.30259,-0.27298,-0.02121,0.34043,0.082856,0.043793
-0.055085,0.041962,0.0074769,-0.39536,-0.015717,0.084688,0.049287,0.031891
-0.10391,-0.42435,-0.018463,-0.23484,-0.0083925,-0.067292,0.009308,-0.0028992
-0.11826,-0.43229,-0.080415,0.016632,-0.002594,-0.16587,-0.022736,-0.052033
-0.03769,0.019989,-0.13474,0.26352,0.017243,-0.14298,-0.041962,-0.047456
-0.0096132,-0.0077821,-0.051118,0.2977,0.02182,-0.3032,-0.047456,-0.0044251
-0.011444,0.026398,-0.1857,-0.14572,0.025483,-0.29404,-0.035554,0.012055
0.0041199,0.080415,-0.14633,-0.22873,0.0047303,-0.56931,-0.020294,0.0074769
-0.009308,0.099947,-0.15305,-0.25895,0.017243,-0.44846,-0.030671,0.017548
-0.030976,0.16526,-0.093538,-0.24918,0.027008,-0.096284,-0.014191,0.033417
-0.02945,0.023346,0.35996,-0.12314,-0.00015259,0.038605,-0.00015259,0.0068666
-0.0096132,-0.09659,0.39109,-0.038911,0.017243,0.16403,0.015106,0.01297
-0.002594,-0.029755,0.034028,-0.08835,0.046845,0.12192,0.028229,0.025177
-0.014191,-0.0028992,-0.10239,-0.18326,0.059663,0.22019,0.023651,0.03006
-0.035554,0.10056,-0.26078,-0.2504,-0.0065614,0.30045,0.033112,0.016632
-0.10544,-0.082551,-0.85283,-0.18296,-0.023041,0.56779,0.063325,0.014191
-0.032807,-0.13413,-0.34104,-0.103,0.036774,0.59983,0.062104,-0.026703
-0.035248,-0.20737,0.13962,-0.0086976,-0.016632,0.19821,0.049592,-0.010224
-0.014801,-0.1384,0.29282,-0.059663,0.005951,0.052949,0.045014,0.019379
0.030976,-0.074922,0.23972,-0.21561,0.014801,-0.12497,0.014801,0.0068666
0.043183,0.15427,-0.10727,-0.22812,-0.017548,-0.14176,0.016022,0.05539
0.018158,0.23026,-0.26047,-0.21347,-0.0028992,-0.18509,0.023651,0.063935
-0.017548,0.010224,-0.15305,-0.31357,-0.0050355,-0.29374,-0.01236,0.019989
0.005951,-0.034028,-0.20188,-0.20371,-0.0071717,-0.37583,-0.035859,0.0074769
-0.0035096,0.035248,-0.092622,-0.1735,0.021515,-0.61357,-0.052949,0.0032044
-0.0019837,0.14969,0.33555,-0.10544,0.02182,-0.29679,-0.050813,0.017548
-0.032807,0.031586,-0.064546,-0.032197,0.015106,-0.059358,-0.025788,0.0090028
-0.04715,-0.070649,-0.21103,-0.069123,0.025788,0.08072,-0.0080873,0.011139
-0.036774,0.00015259,-0.069429,-0.066987,0.02945,0.14084,0.0010681,-0.014496
-0.047761,-0.14755,-0.034028,-0.12161,0.023957,0.13474,-0.0096132,-0.02121
-0.030976,-0.16434,-0.0206,-0.13687,-0.0044251,0.27756,0.023346,-0.0010681
-0.027008,-0.10849,0.00045777,-0.081331,-0.040742,0.33127,0.059968,0.024262
-0.037385,-0.14969,-0.043793,-0.11734,-0.038605,0.64256,0.073396,0.012665
-0.059052,-0.47288,-0.076753,-0.15305,-0.032502,0.44297,0.074617,0.0050355
-0.033417,0.05417,-0.13474,-0.19944,-0.018769,0.13687,0.025177,-0.0044251
-0.031281,0.051423,-0.10025,-0.16129,-0.0028992,-0.036164,0.023651,-0.018158
-0.057832,-0.18265,-0.041657,-0.13199,0.013886,-0.1564,0.0068666,-0.028534
-0.039216,0.00045777,-0.029145,-0.12131,0.017548,-0.11673,-0.012055,-0.016632
-0.039826,0.040131,-0.030671,-0.12955,0.019684,-0.28763,-0.010224,-0.0010681
-0.020294,-0.039826,-0.01236,-0.084688,0.024262,-0.29252,-0.024872,0.0013733
-0.0065614,0.029755,-0.057221,-0.059052,0.021515,-0.43656,-0.024262,0.019684
-0.027314,-0.0047303,-0.081025,-0.052338,0.04593,-0.56046,-0.04654,0.021515
-0.029755,-0.025788,0.088045,-0.12741,0.037385,-0.1677,-0.022126,0.016022
-0.0050355,0.1323,-0.13474,-0.31998,0.02945,0.0090028,-0.010529,0.014191
-0.022126,0.1857,-0.032197,-0.23362,0.00045777,0.11276,0.020905,0.036774
0.0086976,0.32181,-0.0206,-0.15885,0.0068666,0.13077,0.018158,0.0065614
0.015106,0.027619,-0.043183,-0.083772,0.012055,0.18967,-0.00076295,0.013581
-0.015717,-0.24704,-0.1033,-0.10544,-0.0083925,0.30869,0.041962,0.034028
-0.10788,-0.65385,-0.095369,-0.065461,-0.01236,0.43778,0.043183,-0.009308
-0.073396,-0.56962,-0.020294,-0.16129,-0.015106,0.6746,0.038911,-0.028229
-0.027619,0.1799,-0.24308,-0.20706,-0.011139,0.30411,0.038911,-0.034943
0.0032044,0.37461,-0.65263,-0.16709,-0.01297,0.06424,0.026703,0.0047303
0.041657,0.29007,-0.64958,-0.20005,-0.0050355,-0.057832,0.013581,0.017548
-0.027314,-0.058137,-0.013581,-0.063325,-0.051118,-0.15061,0.015717,0.033722
-0.033112,-0.33982,1.7229,0.20523,-0.022126,-0.13748,-0.027314,0.026093
-0.01236,-0.16281,0.41154,-0.041657,0.055695,-0.32456,-0.0383,-0.0050355
-0.012055,-0.031891,-0.59373,-0.06363,0.058442,-0.31968,0.0086976,0.045014
-0.031281,-0.090486,0.086824,-0.15763,0.067292,-0.53269,-0.0206,0.03006
-0.033417,-0.083772,-0.10697,-0.24949,0.066377,-0.43473,-0.057221,0.014191
-0.024567,0.055085,-0.34257,-0.26169,0.018769,-0.1268,-0.034333,0.023346
-0.0053407,0.092622,-0.19028,-0.14939,-0.002594,0.031586,-0.018158,0.012665
0.0019837,0.076753,-0.25956,-0.14389,0.014191,0.14206,0.0080873,0.01297
-0.023346,0.027314,-0.28275,-0.15793,-0.00076295,0.11673,0.042267,0.021515
-0.072786,-0.11887,-0.070954,-0.094759,0.0074769,0.2565,0.036164,0.025788
-0.048981,-0.16587,0.41764,-0.1033,0.026093,0.3386,0.036774,-0.0090028
-0.015412,-0.019684,-0.072786,-0.14603,0.011139,0.53971,0.065766,0.013581
-0.013275,0.023957,-0.27146,-0.11704,-0.052644,0.58213,0.076143,0.029755
-0.0096132,0.019379,-0.088655,-0.11154,-0.034333,0.22477,0.049592,0.013275
-0.017548,-0.015717,0.24582,-0.1088,-0.0050355,0.019074,0.032197,0.015412
-0.025788,-0.094453,-0.012665,-0.12039,-0.0065614,-0.1442,0.0077821,0.024262
-0.039826,-0.099336,-0.14755,-0.14084,0.016632,-0.12345,-0.013275,0.0038148
-0.051423,-0.08957,-0.20523,-0.12802,0.015717,-0.22934,0.00045777,-0.0086976
-0.032807,-0.019684,-0.1268,-0.11978,0.031891,-0.30961,-0.0090028,-0.03769
-0.023346,-0.025788,-0.066987,-0.11765,0.037995,-0.36149,-0.02884,-0.029755
-0.021515,-0.029755,-0.04654,-0.10788,0.0383,-0.61723,-0.033722,-0.012665
-0.013581,-0.037995,-0.052949,-0.14755,0.042267,-0.30472,-0.037079,0.016632
-0.026703,-0.039521,-0.061189,-0.15335,0.031281,-0.048066,0.00045777,0.039216
-0.041962,-0.012665,-0.084688,-0.15213,0.015106,0.095979,0.02182,0.025483
-0.064851,0.029145,-0.10239,-0.17105,0.0010681,0.14939,0.0071717,0.013275
-0.11337,-0.033417,-0.15885,-0.16678,0.0016785,0.14145,0.0065614,0.0056458
-0.069734,-0.0206,-0.15885,-0.17502,-0.0035096,0.30167,0.025177,-0.015717
-0.0068666,0.14786,-0.08896,-0.14694,-0.020905,0.33585,-0.0028992,-0.009308
-0.0019837,0.10056,0.074922,-0.13535,-0.0083925,0.62608,0.031586,0.02945
0.029145,0.02945,0.016022,-0.14664,-0.0041199,0.45274,0.076753,0.024262
0.052338,-0.15061,-0.032502,-0.061799,-0.018463,0.14389,0.04715,0.037385
0.015412,-0.38895,0.29191,-0.016022,-0.019074,-0.029145,0.023041,0.038911
0.0065614,-0.26352,-0.081025,-0.17105,0.0099184,-0.15488,0.017548,0.016022
0.014191,0.050202,-0.068208,-0.14542,-0.011444,-0.13046,0.015717,0.022126
-0.014801,0.37797,0.089876,-0.077668,-0.010224,-0.28153,-0.018463,0.0096132
-0.048676,0.26963,0.16159,0.037385,0.033112,-0.29801,-0.017548,0.015106
-0.049592,0.15671,-0.04593,-0.16983,0.0383,-0.47013,-0.023346,0.014801
-0.10422,-0.3154,-0.28885,-0.31022,-0.0028992,-0.52689,-0.037079,0.012665
-0.095979,-0.54215,-0.52537,-0.39292,-0.015412,-0.18112,-0.018463,-0.011139
-0.0022889,-0.48264,-0.29557,-0.32761,0.033112,0.0086976,-0.027008,-0.058747
0.11826,-0.20554,0.021515,-0.016938,0.0080873,0.08072,0.016938,-0.013275
0.034333,-0.045624,-0.062715,-0.19425,0.012055,0.11093,0.02884,0.048066
-0.064546,-0.03769,0.066377,-0.24399,0.050202,0.21012,0.042878,0.037385
-0.045014,0.09781,0.27573,-0.18601,0.027314,0.327,0.035248,0.011749
-0.076753,0.27634,-0.0019837,-0.068513,0.013581,0.41642,0.015717,0.0099184
-0.077974,0.20676,-0.33982,0.16007,-0.018463,0.65873,0.049287,-0.00015259
-0.052033,0.03006,-0.21744,0.38468,0.017548,0.31388,0.0383,-0.04593
-0.015717,0.39689,-0.013581,-0.10544,0.025788,0.058747,0.045014,-0.028229
-0.024262,0.5449,-0.032197,-0.22721,-0.0065614,-0.059358,0.03006,0.0050355
-0.034333,0.18997,-0.046235,-0.1796,-0.017243,-0.14206,-0.0068666,0.0016785
0.047761,-0.30594,-0.034028,-0.18753,-0.015412,-0.15366,-0.011139,-0.002594
-0.012665,-0.61112,-0.12131,-0.18204,-0.020294,-0.31693,-0.011139,0.018158
-0.087434,-0.44602,-0.10147,-0.13931,0.0013733,-0.29374,-0.014191,0.0053407
-0.058747,-0.20493,0.030365,-0.11276,0.013886,-0.57481,-0.065461,-0.030976
-0.019379,-0.032807,-0.0096132,-0.11673,0.03006,-0.44083,-0.05478,-0.015106
-0.029755,0.011444,0.082856,-0.15702,0.037995,-0.099641,-0.022431,0.017853
-0.0074769,-0.044099,-0.14054,-0.28367,0.0383,0.060883,-0.013275,0.016632
-0.012055,-0.06424,-0.0383,-0.17014,-0.01236,0.13931,0.025483,0.025177
0.0074769,0.0086976,-0.02884,-0.14694,0.0099184,0.10544,0.031891,0.019379
0.0086976,0.091402,-0.035554,-0.084993,0.015106,0.24063,0.048066,0.050507
-0.016327,0.10452,0.043488,-0.049287,0.01297,0.30564,0.06363,0.069429
-0.013275,0.087129,0.012055,-0.082856,0.0074769,0.56016,0.051728,0.047761
-0.037079,-0.068513,-0.087434,-0.052644,-0.0065614,0.59403,0.07248,0.030976
-0.043793,-0.16373,-0.17746,-0.060578,-0.014801,0.21195,0.054475,0.0016785
-0.058137,0.011749,-0.37705,-0.19913,-0.0035096,0.0080873,0.023041,0.0050355
-0.06363,0.35355,-0.21225,-0.25406,-0.019684,-0.14572,0.0016785,-0.025483
-0.0035096,0.29068,-0.034333,-0.24521,-0.035248,-0.14969,0.002594,-0.061494
-0.0071717,0.00045777,0.48661,-0.15213,-0.01297,-0.20035,-0.00015259,-0.011444
-0.009308,-0.37217,0.15854,-0.1387,0.05417,-0.26932,-0.0044251,0.037079
-0.054475,-0.78813,-0.18082,-0.15763,0.031586,-0.36881,-0.022431,0.023041
-0.11307,-0.59434,-0.11521,-0.077668,0.011444,-0.59495,-0.037079,0.011749
-0.036469,0.32395,-0.21012,-0.21805,0.053254,-0.27573,-0.060578,-0.009308
0.0032044,0.36851,-0.073396,-0.21927,0.057221,-0.047761,-0.05478,-0.027619
-0.002594,0.051728,-0.047761,-0.19883,0.031891,0.085603,-0.023041,0.0038148
-0.025483,-0.16007,0.08896,-0.060273,-0.00045777,0.1207,0.013275,0.015412
0.00045777,-0.18875,-0.013886,-0.0035096,0.0016785,0.13474,0.019379,-0.0022889
-0.012665,-0.1564,-0.19669,-0.034943,0.0041199,0.31022,0.059358,0.011749
0.025177,0.092012,-0.69841,-0.051728,-0.024872,0.32212,0.068208,0.035859
0.027619,0.16648,-0.56657,-0.10147,-0.033417,0.64714,0.088655,0.040436
-0.002594,0.092317,0.15061,-0.1619,-0.024567,0.44175,0.095369,0.050507
-0.098116,-0.20188,0.6157,-0.22171,-0.030671,0.12955,0.034333,0.038911
-0.072175,-0.24033,0.99931,-0.14267,-0.00076295,0.019074,-0.0068666,-0.017243
-0.058747,-0.046235,-0.23575,-0.076753,0.027924,-0.15854,-0.038911,-0.052033
-0.083162,0.075532,-0.23331,-0.038605,0.0096132,-0.18235,-0.038911,-0.0068666
-0.05539,-0.081941,-0.55558,-0.086824,0.02884,-0.25437,-0.024262,-0.0096132
-0.012055,-0.16587,-0.39933,-0.21378,0.044099,-0.27695,-0.0071717,-0.013275
0.025788,0.095674,-0.39719,-0.18662,-0.0071717,-0.49882,-0.017243,0.023041
0.024872,0.12253,-0.28031,-0.18204,0.018769,-0.53696,-0.047761,0.048066
0.00076295,0.052338,0.11643,-0.026093,0.027314,-0.19333,-0.0062562,0.053559
-0.009308,0.012665,0.25834,-0.10391,0.02945,-0.0090028,0.0071717,0.048981
-0.030365,-0.14633,0.82139,-0.11765,0.024872,0.12741,0.015106,0.050202
-0.013275,-0.046845,0.33433,-0.20676,0.027619,0.13962,0.012665,0.017548
-0.033722,0.017243,-0.24338,-0.19516,0.011444,0.18936,0.018769,0.010834
-0.064851,-0.060578,-0.34318,-0.15488,0.0071717,0.34714,0.039521,0.033722
-0.081331,-0.12558,-0.30259,-0.10636,0.026703,0.46891,0.027619,-0.0047303
-0.082246,-0.20188,-0.23026,-0.10849,-0.017243,0.65782,0.051728,-0.0086976
-0.04715,-0.06363,-0.014191,-0.14694,-0.0035096,0.29953,0.066072,-0.033112
-0.015717,-0.031586,0.026093,-0.10788,-0.0035096,0.018463,0.033112,-0.047761
0.0041199,0.009308,-0.18936,-0.078279,-0.0041199,-0.083772,0.037385,-0.029145
-0.0053407,0.092012,-0.262,-0.14359,0.013886,-0.14603,0.0050355,-0.020294
-0.0013733,-0.014496,-0.074617,-0.13657,0.010529,-0.1442,-0.0068666,-0.011139
-0.053864,-0.0047303,0.010529,-0.15457,-0.0019837,-0.28794,-0.0047303,0.019379
-0.043488,0.074311,0.16037,-0.15061,0.010529,-0.31479,-0.026398,0.029755
-0.054475,0.017243,-0.18021,-0.075837,0.017243,-0.5922,-0.045624,0.011139
-0.028229,-0.0019837,-0.34287,-0.19516,0.010834,-0.43046,-0.01236,0.016938
0.009308,0.015106,0.15763,-0.20676,0.044404,-0.089265,-0.027619,-0.01236
0.019074,0.0035096,-0.029145,-0.20096,0.011444,0.043488,-0.0032044,0.045624
0.044099,-0.029755,-0.0013733,-0.089876,0.0032044,0.14359,0.013886,0.055085
0.0096132,-0.042267,-0.067903,-0.096895,0.023957,0.10544,0.02182,0.047456
-0.00045777,0.045624,-0.15579,-0.1149,0.020905,0.22873,0.06302,0.044099
-0.051423,0.027619,0.039826,-0.11368,0.011749,0.30594,0.052033,0.032197
-0.059358,0.0065614,0.032197,-0.14145,-0.00015259,0.56352,0.036774,0.023041
-0.048676,0.11917,-0.20615,-0.13382,-0.018769,0.57572,0.056611,0.015717
-0.063935,-0.034333,-0.20706,-0.12589,-0.026703,0.21164,0.068208,0.00045777
-0.04715,-0.34897,-0.10269,-0.098726,-0.0019837,0.020905,0.049592,-0.020905
-0.035554,-0.31876,-0.023041,-0.14481,-0.00045777,-0.14633,-0.0086976,-0.036774
-0.018158,-0.34806,0.10208,-0.17288,0.0050355,-0.13016,-0.01297,-0.0065614
-0.051423,-0.051423,-0.079194,-0.121,-0.0074769,-0.20584,-0.020905,-0.0053407
-0.0096132,0.16007,-0.093233,-0.070344,0.0080873,-0.28367,-0.014191,-0.017548
0.0068666,0.0083925,0.12436,-0.09659,0.029755,-0.36179,-0.016938,-0.026398
0.010529,-0.045624,-0.024872,-0.19089,0.037385,-0.62516,-0.043793,0.0010681
-0.040436,-0.09659,-0.15305,-0.15915,0.017853,-0.29923,-0.034943,0.020905
0.017548,-0.05417,-0.12833,-0.18967,0.019379,-0.05417,-0.0074769,0.025788
0.035554,-0.0028992,-0.066987,-0.11978,0.017243,0.10086,0.014801,0.019379
-0.04715,0.081331,-0.0022889,-0.08896,0.0041199,0.13504,0.02182,0.025483
-0.061799,0.099336,0.018158,-0.13504,0.023651,0.14817,0.023651,0.012055
-0.068208,0.024567,-0.016327,-0.091402,0.0099184,0.30289,0.028229,-0.010834
-0.059052,-0.053864,-0.073091,-0.095369,-0.0083925,0.374,0.018158,0.0077821
-0.021515,-0.20493,-0.088045,-0.1207,0.0074769,0.65995,0.037995,0.0068666
0.023041,-0.17899,-0.017853,-0.11582,-0.016938,0.44205,0.066377,0.017853
-0.016327,-0.11246,-0.062104,-0.14115,-0.024262,0.13657,0.024262,0.042878
-0.0383,0.080415,-0.0795,-0.1561,-0.015412,-0.022126,0.013886,0.023957
-0.04593,0.32822,-0.024567,-0.076753,-0.00076295,-0.15213,0.013886,0.015717
-0.042573,0.13138,-0.010834,-0.034333,0.0086976,-0.15976,-0.00045777,0.016022
-0.026703,0.040131,-0.0795,-0.082856,0.02121,-0.25132,-0.030976,0.0035096
-0.0028992,-0.010834,-0.12833,-0.23301,0.037079,-0.29496,-0.028229,0.0056458
-0.01236,0.058137,-0.075837,-0.29099,-0.0013733,-0.51499,-0.0022889,0.00045777
-0.015412,-0.12863,-0.068513,-0.21317,0.0068666,-0.53025,-0.026398,0.002594
-0.062715,-0.44785,-0.010834,-0.052644,0.052338,-0.16068,-0.030976,0.0032044
-0.057832,-0.47837,-0.055085,-0.11917,0.043488,-0.0071717,-0.016632,0.0050355
-0.049287,-0.15183,-0.12467,-0.16098,0.0090028,0.14115,-0.0074769,-0.0062562
-0.072175,-0.070344,-0.15457,-0.18357,-0.0071717,0.10605,0.032807,0.014801
-0.01297,0.1915,-0.13474,-0.24979,-0.0044251,0.20401,0.021515,0.0041199
-0.025177,0.13596,0.083162,-0.14786,0.0038148,0.34348,0.02884,0.010834
-0.048981,-0.072175,0.421,-0.3151,0.019989,0.4445,0.027314,0.015412
0.0071717,0.45426,-0.066682,-0.27298,0.0010681,0.65721,0.061189,0.023346
0.029145,0.51286,-0.58488,-0.0795,-0.0053407,0.30869,0.075227,0.027619
-0.025483,0.18479,-0.12314,0.1564,0.0074769,0.063325,0.049287,0.017853
-0.02884,-0.28183,-0.019989,0.48081,0.018158,-0.056001,0.030365,-0.019379
-0.047456,-0.91447,-0.10849,0.078279,0.023041,-0.13809,0.013581,-0.030976
-0.044404,-0.57664,-0.18204,-0.32731,0.0056458,-0.1619,0.012055,-0.0053407
-0.0041199,-0.0038148,0.064546,-0.26047,-0.027314,-0.31327,0.0035096,0.0041199
-0.00015259,0.2092,0.33585,-0.21286,-0.0019837,-0.32364,0.015106,0.0013733
-0.01236,0.18143,-0.0013733,-0.13565,0.047456,-0.58762,-0.024262,-0.01236
0.013886,0.12985,-0.1091,-0.15183,0.0383,-0.40024,-0.034638,0.0206
-0.0013733,-0.046845,0.0047303,-0.15366,0.027008,-0.11093,-0.0041199,0.04715
-0.039521,-0.23697,-0.014801,-0.15763,0.02121,0.023957,0.011139,0.045624
-0.035859,-0.083467,-0.19913,-0.31235,0.0206,0.14481,0.019989,0.005951
-0.034943,-0.061494,-0.28672,-0.22965,0.027924,0.098421,0.01297,-0.0010681
-0.066682,-0.12039,-0.13474,-0.14908,0.012055,0.24155,0.0086976,0.0047303
-0.039216,0.0022889,-0.086213,-0.07126,0.0038148,0.3212,0.026703,0.0010681
-0.027619,-0.0056458,-0.081331,0.012055,-0.0013733,0.57176,0.066377,0.013275
-0.041657,-0.059663,0.07248,-0.022431,0.0019837,0.57755,0.082856,0.072175
-0.0068666,0.049897,-0.048371,-0.17807,-0.00015259,0.21439,0.065461,0.043793
-0.0068666,0.052644,0.0074769,-0.16709,-0.0096132,0.022126,0.027924,0.025177
-0.029145,-0.023346,-0.011444,-0.14298,-0.018769,-0.11734,0.025788,0.03006
-0.0041199,0.24613,0.15763,-0.048371,-0.002594,-0.1323,-0.0050355,0.010529
-0.021515,0.30533,0.39902,0.051728,-0.010529,-0.20737,-0.016327,0.0016785
0.023041,0.42466,-0.19181,0.0013733,0.011749,-0.29648,-0.01236,0.0096132
0.030365,0.13413,-0.1619,-0.087129,0.053864,-0.3679,-0.033722,0.013886
-0.030365,-0.52201,-0.64439,-0.38346,0.079805,-0.62638,-0.014191,0.04715
-0.061189,-0.81376,-0.75914,-0.61204,-0.0050355,-0.26932,-0.026398,0.025177
-0.10147,-0.71305,-0.16251,-0.215,-0.0206,-0.033722,-0.025177,-0.015412
-0.023346,-0.054475,0.48112,-0.07248,0.017853,0.079194,-0.0071717,-0.042573
-0.039826,0.15396,-0.048066,-0.086519,0.023957,0.099336,0.022126,-0.0047303
-0.075227,0.042573,0.23697,-0.044404,-0.016632,0.16098,0.043183,0.024262
-0.036774,0.26047,0.026398,-0.060578,0.02121,0.3209,0.0028992,-0.039521
-0.02945,0.069123,-0.07187,-0.031586,0.0047303,0.3331,0.017853,-0.016327
-0.034943,-0.050202,0.2208,-0.081636,-0.018463,0.65415,0.070344,0.030976
-0.055695,-0.074006,0.2211,-0.095369,-0.023041,0.45212,0.077668,0.019684
-0.075532,0.048371,-0.47898,-0.16617,-0.018769,0.14511,0.037385,-0.0056458
-0.015106,0.11063,-0.42252,-0.20768,0.0047303,-0.027314,0.020905,-0.019074
0.032807,0.12924,-0.12314,-0.16526,0.012665,-0.16831,-0.0044251,-0.031891
0.022736,-0.13779,0.13901,-0.1326,0.018769,-0.15671,-0.015106,0.014801
-0.027314,-0.3505,0.42252,-0.098726,0.029755,-0.24369,-0.02884,0.021515
-0.0071717,-0.15854,-0.089265,-0.12955,0.023346,-0.28305,-0.00076295,-0.00045777
-0.034638,-0.052644,-0.22019,-0.1561,0.020905,-0.49363,-0.0041199,0.024262
-0.057527,0.26932,-0.1326,-0.13993,0.027314,-0.54826,-0.042878,0.014801
-0.040742,0.062409,-0.038911,-0.15457,0.041352,-0.16159,-0.034638,-0.018463
-0.0071717,-0.028534,-0.075837,-0.14878,0.035248,0.019989,-0.028534,-0.01236
-0.0047303,-0.023346,0.032502,-0.097505,0.025483,0.13107,-0.012055,0.019684
-0.011139,-0.028229,-0.11215,-0.083162,0.010834,0.11521,0.018769,0.027008
-0.019379,-0.06363,-0.14755,-0.12741,0.022126,0.17044,0.016022,0.035248
-0.070649,-0.12222,-0.13535,-0.14694,0.01297,0.30594,0.041962,0.02884
-0.076143,-0.077668,-0.0383,-0.10483,-0.0065614,0.47013,0.041657,0.014801
0.0016785,-0.033417,0.036774,-0.11917,-0.034333,0.64775,0.077668,0.034333
0.052338,-0.099336,0.055085,-0.11521,-0.038605,0.31571,0.07126,0.033722
-0.0032044,-0.08957,-0.10208,-0.11734,-0.024872,0.067597,0.041352,0.035554
-0.013275,-0.054475,-0.25223,-0.13596,-0.018158,-0.085908,0.0019837,0.018158
-0.02121,0.068513,-0.25772,-0.13474,-0.0096132,-0.11734,-0.0068666,0.0019837
-0.049897,0.10666,-0.19516,-0.072175,0.023041,-0.15854,-0.012055,0.0019837
-0.083162,-0.048676,0.20462,-0.1033,0.031891,-0.3154,-0.047761,-0.016632
-0.062715,0.009308,0.43229,-0.10483,0.040131,-0.33616,-0.038605,-0.018463
-0.040742,0.087129,-0.11215,-0.12589,0.027619,-0.60716,-0.023041,-0.01297
-0.0022889,0.05539,-0.17502,-0.16068,0.04593,-0.39567,-0.045014,-0.042573
0.0080873,-0.049897,-0.10666,-0.18784,0.041047,-0.077974,-0.012665,0.011444
0.0383,-0.1561,-0.086519,-0.16251,0.036164,0.056306,0.0041199,0.02884
0.014801,-0.32059,-0.092927,-0.10391,-0.00076295,0.11307,0.013581,0.037385
-0.041657,-0.18448,-0.05417,-0.10391,-0.015412,0.10849,0.025788,0.048066
-0.020905,-0.050202,0.17472,0.025788,0.005951,0.27543,0.035554,0.047761
-0.035554,-0.12467,0.13748,-0.0035096,0.025788,0.31266,0.037995,0.075227
-0.053864,0.051423,0.041047,-0.11643,0.025177,0.58976,0.073701,0.077974
-0.060578,0.22477,-0.23575,-0.21195,-0.010224,0.53422,0.10666,0.043183
-0.05478,0.073091,-0.89097,-0.56596,-0.041352,0.1857,0.057832,0.016632
-0.041352,0.0038148,-0.20768,-0.32853,-0.052033,0.041047,0.02182,-0.025177
0.0065614,-0.052949,0.099336,-0.1033,-0.0065614,-0.13138,-0.0032044,-0.0383
0.0090028,-0.082551,0.18265,-0.073396,0.033722,-0.12284,-0.038605,-0.014191
0.012055,-0.010529,-0.078889,-0.059358,0.019379,-0.21317,0.0038148,0.016632
0.00076295,-0.040436,-0.13443,-0.14084,0.024262,-0.28702,-0.0041199,0.016938
-0.011139,-0.044099,-0.030365,-0.10361,0.025788,-0.37949,-0.032502,0.0096132
-0.032502,-0.046235,0.11307,-0.09659,0.015412,-0.62272,-0.031281,0.0090028
-0.019379,-0.030976,0.11887,-0.15763,0.02121,-0.28763,-0.041047,0.0071717
-0.050813,0.022126,-0.25223,-0.15122,0.02121,-0.023651,-0.019684,0.019074
-0.049897,0.025177,-0.02884,-0.086519,0.035554,0.092622,-0.014191,-0.0096132
-0.030671,-0.052033,0.1445,-0.084993,0.02945,0.1265,-0.0050355,-0.025483
-0.012665,0.020294,-0.034333,-0.13291,0.013581,0.15091,0.026703,0.0010681
-0.033112,-0.0028992,-0.12345,-0.1265,-0.0056458,0.31785,0.02884,0.022736
-0.043183,-0.044099,-0.20432,-0.22873,-0.016632,0.3682,0.0077821,-0.0065614
-0.024262,-0.063325,-0.25772,-0.215,-0.023651,0.65049,0.05539,-0.0047303
-0.054475,0.14115,-0.23117,-0.11582,-0.044404,0.40909,0.066377,-0.00045777
-0.088045,0.14542,0.07187,0.062104,-0.018769,0.1207,0.016938,-0.026703
-0.031891,0.036469,0.80797,0.15335,0.022736,-0.026093,0.013581,-0.050813
-0.059358,-0.1561,-0.056611,0.0050355,0.034028,-0.15915,-0.01236,-0.023651
-0.053864,-0.26596,-0.12772,-0.16495,0.016938,-0.11368,0.0096132,0.0038148
-0.02945,-0.19425,-0.056001,-0.18723,0.0077821,-0.25772,0.010529,0.016938
-0.039521,-0.29343,-0.1912,-0.1857,-0.0074769,-0.30869,-0.010529,0.046845
-0.041962,-0.22751,-0.23423,-0.18601,0.016938,-0.50278,-0.023041,-0.002594
0.026093,-0.19974,-0.10758,-0.24033,0.037079,-0.52995,-0.030365,-0.015412
0.091402,-0.19028,0.15274,-0.12955,0.022126,-0.16281,-0.0096132,0.027619
0.047761,-0.10544,-0.087129,-0.30747,0.017548,-0.0041199,-0.0074769,0.069123
0.015717,-0.0016785,-0.47837,-0.36576,0.041047,0.12375,0.0032044,0.053559
0.024262,0.14389,-0.34989,-0.23026,0.025483,0.10513,0.015412,0.025483
-0.027008,0.1387,-0.065156,-0.066377,0.013581,0.19364,0.022126,0.034943
-0.014496,0.073396,0.05478,0.30045,0.0019837,0.33463,0.030365,0.043488
-0.038605,0.31022,0.07248,0.14755,-0.0086976,0.47379,0.048981,0.031586
-0.055695,0.27481,0.026703,-0.17899,-0.01236,0.64714,0.066072,0.031891
-0.031891,0.075532,0.032197,-0.15763,-0.0074769,0.32181,0.060273,-0.0086976
-0.049897,-0.15061,-0.20371,-0.12436,-0.030671,0.019379,0.049287,0.0071717
-0.074006,-0.45762,-0.02884,-0.14359,-0.014191,-0.052033,0.032197,0.0065614
-0.090181,-0.29221,-0.06302,-0.19669,0.010834,-0.13046,0.0013733,-0.027314
-0.052949,-0.16739,-0.045014,-0.15,0.009308,-0.19455,-0.0053407,-0.014801
-0.012055,-0.042573,-0.18662,-0.17685,0.019684,-0.32395,-0.016327,-0.0019837
0.00076295,0.083772,-0.11521,-0.14694,0.015106,-0.30564,-0.0074769,-0.0044251
0.041962,0.14389,0.032197,-0.13901,0.02121,-0.59861,-0.053254,-0.014191
-0.0035096,0.18143,-0.08957,-0.18357,0.03769,-0.41611,-0.057527,0.032197
-0.043793,-0.050507,0.15183,-0.16464,0.029755,-0.065766,-0.02884,0.031281
0.0090028,0.31235,-0.13169,-0.24521,0.033417,0.064851,-0.020905,-0.030976
-0.0035096,0.74632,-0.0028992,-0.11032,0.002594,0.121,0.032807,0.016938
-0.011139,0.48386,0.0038148,-0.036774,0.016632,0.10178,0.030365,0.051118
-0.010529,0.015412,0.057832,-0.12802,0.0383,0.27634,0.031281,0.017243
-0.10544,-1.0372,0.047761,-0.15732,0.0047303,0.31479,0.031586,-0.002594
-0.16922,-1.8135,-0.19425,-0.2443,-0.0086976,0.55772,0.049287,-0.012055
-0.058137,-0.41764,-0.12985,-0.17136,-0.039216,0.55772,0.045319,-0.024872
-0.014496,0.19944,0.21347,-0.034943,-0.045624,0.18723,0.032197,-0.0090028
0.016938,0.29862,0.1088,-0.025177,0.019989,0.0071717,0.011444,0.015412
0.025177,0.24979,-0.20768,-0.045624,0.038911,-0.086213,-0.0041199,0.013886
-0.01297,0.083162,-0.20768,-0.095064,0.03769,-0.14023,0.0013733,0.019379
-0.022126,0.010224,-0.095064,-0.13443,0.00045777,-0.21195,-0.01297,0.01297
-0.0206,0.022736,-0.20096,-0.18112,0.023346,-0.29129,-0.030976,-0.0056458
-0.015717,0.037995,-0.028534,-0.16007,0.017243,-0.4152,-0.021515,0.012665
-0.023346,-0.02884,-0.020294,-0.1445,0.018769,-0.60166,-0.052033,0.025788
-0.025483,-0.024262,-0.0035096,-0.14603,0.017243,-0.29129,-0.048371,0.019074
-0.043183,-0.051423,0.021515,-0.13657,0.02182,-0.035248,-0.0035096,0.0096132
-0.033722,-0.0083925,-0.036469,-0.14054,0.017853,0.092927,0.014801,0.0077821
-0.029145,0.087129,-0.081331,-0.15091,0.0080873,0.13809,0.027619,0.011139
-0.034638,0.053559,-0.15457,-0.12741,0.0206,0.16983,0.02182,0.0013733
-0.033417,0.036469,-0.24918,-0.17075,0.0086976,0.31113,0.017548,-0.0056458
-0.025177,-0.13596,-0.16861,-0.16922,-0.0044251,0.35447,0.019074,0.017243
-0.029145,-0.19394,-0.083162,-0.12894,-0.053559,0.66239,0.070344,0.030365
-0.038605,-0.12619,0.11063,-0.0065614,-0.049897,0.42313,0.062409,-0.0013733
-0.033112,0.13535,0.1265,-0.10971,0.031281,0.13474,0.030365,0.00076295
-0.018158,0.4567,-0.13657,-0.11246,0.022126,-0.037385,0.0016785,0.0050355
-0.012055,0.22354,-0.42924,-0.16587,-0.023041,-0.17319,0.01297,0.016938
-0.050507,-0.13016,-0.2501,-0.168,-0.0074769,-0.14023,0.02121,0.023346
-0.027008,-0.20188,0.6865,-0.050813,0.027008,-0.27665,-0.0032044,0.0056458
0.069123,-0.19028,0.13504,-0.12741,0.016632,-0.30564,-0.017243,-0.002594
0.014191,-0.27451,-0.08011,-0.14206,0.024872,-0.51591,-0.018158,0.024872
-0.044404,-0.20432,-0.2211,-0.15061,0.017853,-0.50126,-0.010224,0.039826
-0.012665,-0.08835,-0.16526,-0.20523,0.030976,-0.16068,-0.018463,0.012055
-0.016327,0.030671,-0.089265,-0.18326,0.015717,0.002594,0.0074769,0.019989
-0.0068666,0.26658,-0.14389,-0.15396,0.0016785,0.12741,0.013275,0.0096132
-0.0044251,0.29831,-0.093233,-0.037385,-0.0013733,0.10178,-0.0035096,0.0032044
-0.044709,0.16464,0.044404,-0.098726,0.016632,0.18326,0.00076295,0.029145
-0.052033,0.0099184,0.044099,-0.14084,0.029755,0.35233,0.016632,0.01297
-0.078279,-0.28489,-0.37278,-0.24369,0.022736,0.44327,0.057527,-0.0090028
-0.13443,-0.30564,-0.16709,-0.11185,-0.017243,0.63432,0.081331,-0.01236
-0.045014,-0.29404,0.23575,0.015412,-0.0022889,0.30838,0.045624,-0.04593
-0.028534,-0.36973,0.12436,-0.0083925,-0.0019837,0.050507,0.019074,-0.0050355
0.0056458,0.12711,-0.14725,-0.25193,-0.009308,-0.087129,0.017243,0.0074769
0.026093,0.41459,0.11337,-0.22751,-0.018769,-0.16007,0.011139,0.023041
0.062104,0.23941,-0.034028,-0.1268,0.0016785,-0.1442,-0.010224,0.028229
0.055695,-0.084993,-0.026093,-0.12375,0.019379,-0.27878,-0.011444,-0.014801
0.0090028,-0.31449,-0.14664,-0.12131,0.0099184,-0.31296,0.0032044,0.013886
-0.091707,-0.44236,-0.32883,-0.14939,0.0080873,-0.58976,-0.033417,0.026093
-0.10758,0.055085,-0.14237,-0.17533,0.043793,-0.39414,-0.06302,-0.021515
-0.029145,-0.040742,0.1088,-0.16068,0.027314,-0.087434,-0.050507,-0.029145
-0.036774,-0.16495,0.033722,-0.06302,0.0065614,0.049592,-0.002594,0.039216
-0.048981,-0.094148,-0.27665,-0.12314,0.033417,0.13779,0.024872,0.06363
-0.018158,0.0019837,-0.051118,-0.21714,0.042267,0.11337,-0.012665,0.013886
-0.010529,0.08835,-0.029755,-0.18723,0.0028992,0.2565,0.027314,0.0056458
-0.06302,-0.033722,-0.070039,-0.14206,-0.0080873,0.28092,0.042267,0.015412
-0.05478,-0.027619,-0.002594,0.020905,-0.012055,0.57176,0.033417,-0.0044251
-0.035859,0.063935,0.030976,0.02121,-0.012665,0.55589,0.054475,-0.027619
-0.036774,0.039216,-0.077974,-0.11582,-0.020905,0.17899,0.056306,-0.015717
-0.024262,-0.027619,-0.121,-0.16617,-0.024567,-0.0077821,0.027924,-0.035248
-0.0086976,-0.0016785,0.026703,-0.1268,0.0035096,-0.13199,-0.0041199,-0.0206
-0.0035096,-0.046235,0.06302,-0.12253,0.0013733,-0.14847,0.002594,-0.0083925
-0.0019837,-0.045319,-0.12772,-0.17777,-0.0044251,-0.19455,-0.01236,0.02182
-0.0050355,-0.052338,-0.37125,-0.23026,0.0086976,-0.29404,-0.010834,0.031586
0.0028992,-0.053559,-0.14786,-0.21897,0.016938,-0.37644,-0.017548,0.017853
-0.0090028,-0.047761,0.0019837,-0.14511,0.0065614,-0.61051,-0.053864,0.038911
-0.015717,-0.040436,0.011444,-0.12284,0.021515,-0.27237,-0.043183,0.046845
-0.016327,-0.036164,0.0065614,-0.12375,0.030976,-0.047456,0.0065614,0.05417
-0.009308,-0.0053407,-0.029755,-0.13046,0.036164,0.12192,0.045014,0.06363
-0.010529,-0.0099184,-0.0022889,-0.11185,0.016022,0.15488,0.034028,0.035248
-0.036469,0.044404,-0.10819,-0.12985,0.0065614,0.14176,-0.0010681,0.031586
-0.027314,0.24826,-0.08896,-0.074617,0.0019837,0.31571,0.019379,-0.0044251
-0.056611,0.16037,-0.069123,-0.12802,0.013275,0.37858,0.016022,-0.043183
-0.032807,0.069429,-0.10086,-0.18814,0.0065614,0.66697,0.049287,-0.033417
-0.0071717,-0.071565,0.055695,-0.19913,-0.0062562,0.43442,0.0795,-0.0074769
-0.081331,-0.19059,-0.18082,-0.15946,-0.010834,0.10941,0.061799,0.034028
-0.071565,-0.44083,-0.22293,-0.15946,0.0071717,-0.043183,0.012665,0.009308
-0.059052,-0.20737,-0.1799,-0.13291,0.0086976,-0.16434,-0.0068666,-0.0096132
-0.015106,-0.14206,0.14359,-0.081025,0.0028992,-0.15091,-0.02121,0.005951
0.002594,-0.097505,0.36912,0.014496,0.011749,-0.30869,-0.0032044,0.005951
0.0041199,-0.16892,0.059052,-0.018158,0.031586,-0.29465,-0.011444,0.019379
0.016938,-0.036774,0.0013733,-0.10941,0.032197,-0.51499,-0.0086976,0.032197
0.00045777,0.10544,0.02945,-0.17502,0.039826,-0.54246,-0.015717,0.044404
-0.025177,0.017243,-0.084688,-0.1854,0.044404,-0.14969,-0.011139,0.019379
-0.011444,-0.13138,-0.082246,-0.1387,0.034943,0.033112,-0.0035096,0.0065614
-0.018158,-0.064851,-0.16342,-0.18143,0.0080873,0.12253,0.026093,0.027619
-0.022736,0.14237,-0.34989,-0.18418,-0.0032044,0.11917,0.041962,0.039521
-0.04654,0.18173,-0.21042,-0.12772,0.0096132,0.21805,0.013275,0.025177
-0.040742,0.23819,-0.044404,-0.14542,0.011139,0.30381,0.0080873,-0.012665
-0.067292,0.0099184,0.32212,-0.059052,-0.0050355,0.46708,0.041047,-0.024262
-0.067597,-0.11887,-0.0062562,-0.081331,-0.011139,0.63249,0.06363,-0.01297
-0.058747,-0.18479,-0.070954,-0.12039,-0.0206,0.29892,0.052338,-0.030671
-0.048981,-0.18418,-0.26078,-0.069734,-0.035554,0.031586,0.019379,-0.027008
-0.016327,0.0206,0.1564,-0.038605,-0.021515,-0.086213,0.035859,0.0032044
-0.0065614,0.090181,-0.087434,-0.19944,0.022126,-0.11612,0.016632,-0.0044251
0.02884,0.18204,-0.088655,-0.20981,0.0077821,-0.16678,0.028229,-0.0047303
0.005951,-0.005951,-0.30381,-0.19303,-0.010224,-0.31754,-0.014801,0.015106
-0.039521,-0.23545,-0.34897,-0.25284,-0.0019837,-0.29191,-0.025788,-0.014801
-0.021515,-0.21897,-0.021515,-0.1268,0.035554,-0.59342,-0.0383,-0.032502
-0.0068666,-0.1445,0.12955,-0.070954,0.025483,-0.4152,-0.055695,-0.0071717
-0.023346,-0.067903,0.086824,-0.10117,0.0206,-0.081331,-0.031281,0.019989
-0.027619,-0.058137,-0.0206,-0.0795,0.011444,0.06363,0.009308,0.034333
-0.0050355,0.086213,-0.066987,-0.29709,-0.00045777,0.14969,0.028229,0.021515
-0.0032044,0.14176,-0.10697,-0.47257,0.0050355,0.11673,0.022126,0.014801
-0.0041199,0.034028,-0.16312,-0.39078,-0.015717,0.26474,0.027314,0.023041
-0.0083925,-0.2501,-0.11704,0.035859,-0.030671,0.32212,0.024262,0.026703
-0.13169,-0.44663,-0.10117,0.36301,-0.002594,0.57939,0.04715,0.034943
-0.1326,-0.41093,0.1088,0.45731,0.033112,0.54368,0.078279,0.0086976
-0.070954,0.083772,-0.18357,-0.16342,0.016022,0.17319,0.047761,-0.0047303
-0.039216,0.44205,-0.013886,-0.15457,-0.0096132,-0.013275,0.053559,0.011444
-0.0050355,0.32822,0.43107,-0.32639,0.012665,-0.12284,-0.002594,-0.013581
0.039216,0.025177,0.18112,-0.35264,0.011139,-0.13382,-0.033112,-0.025483
0.052949,-0.081636,-0.31907,-0.2089,-0.012665,-0.21317,-0.019684,-0.0050355
0.011444,-0.16159,-0.3682,-0.12192,0.019074,-0.27634,-0.020294,0.016022
-0.043183,-0.26902,-0.1387,-0.11124,0.021515,-0.37095,-0.022126,0.0056458
-0.027314,-0.17411,-0.14145,-0.18357,0.026703,-0.57298,-0.048676,0.011139
-0.0080873,-0.020905,-0.12497,-0.19211,0.033417,-0.29313,-0.045319,0.057221
-0.039826,-0.069429,0.42985,-0.12375,0.027924,-0.03769,-0.013581,0.057832
-0.014191,0.18601,0.043488,-0.16739,0.023651,0.085908,0.016022,0.048981
-0.019379,0.24186,-0.26383,-0.13901,0.0096132,0.14176,0.010529,0.012055
-0.043793,-0.030671,-0.51774,-0.095064,0.0099184,0.15305,-0.012665,-0.0044251
-0.04715,-0.103,-0.42557,-0.12528,0.020905,0.27085,0.021515,0.013275
-0.066072,0.039521,-0.28977,-0.086519,0.0074769,0.32029,0.065461,0.011139
-0.04715,0.13626,0.28244,0.010834,0.0028992,0.65995,0.059052,0.0016785
-0.0083925,0.085298,0.2742,-0.17563,0.0056458,0.42283,0.040436,-0.016632
-0.06302,0.063935,0.050813,-0.18723,-0.025788,0.11948,0.08072,0.012055
-0.11429,0.062104,-0.038605,-0.121,-0.072786,-0.062104,0.033417,0.0080873
-0.055695,-0.059358,0.07126,-0.069429,-0.015412,-0.14237,-0.024262,-0.049287
-0.027008,-0.16953,-0.11521,-0.15915,0.059968,-0.12406,-0.00076295,-0.049592
-0.01297,-0.18448,-0.40665,-0.2034,0.014801,-0.27543,0.011139,-0.0047303
0.067292,-0.39475,-0.032502,-0.17716,-0.012055,-0.31144,-0.031891,0.0071717
0.091707,-0.22385,0.75334,-0.1326,0.0019837,-0.53635,-0.032807,0.0071717
0.005951,0.10391,-0.27176,-0.23484,0.027008,-0.51072,-0.059358,0.033417
-0.010529,0.06363,0.22995,-0.16861,0.037995,-0.12955,-0.038911,0.033417
-0.059052,-0.38254,-0.39872,-0.065766,0.013581,0.048066,0.03006,0.050507
-0.045319,-0.14694,-0.23941,0.030976,0.03769,0.14664,0.02182,0.043488
-0.015412,0.074617,-0.017548,0.10758,0.044099,0.11948,0.024262,0.0065614
-0.016632,0.15549,-0.074311,-0.052949,0.040131,0.22629,0.042267,0.019684
-0.055085,0.059358,-0.12314,-0.16953,0.029755,0.31174,0.037079,0.02884
-0.062715,-0.19089,-0.12924,-0.28458,0.0010681,0.47135,0.031586,0.011139
-0.067292,-0.12558,-0.078584,-0.30167,-0.024567,0.63523,0.06302,0.016632
-0.036774,0.017548,-0.056611,-0.13687,-0.033722,0.28489,0.05417,0.0071717
-0.017243,-0.009308,-0.033112,-0.09781,-0.018463,0.045624,0.055695,0.0010681
-0.017243,-0.019684,-0.076448,-0.10727,0.005951,-0.096284,0.036774,-0.0071717
-0.0068666,-0.019989,-0.12558,-0.14572,0.0016785,-0.1622,0.0090028,0.0050355
-0.030976,-0.027924,-0.014801,-0.12528,0.013275,-0.16434,-0.0062562,0.0056458
-0.026703,0.2504,0.0071717,-0.1268,0.013275,-0.27634,-0.026398,-0.012665
0.023346,0.33341,-0.18784,-0.21469,0.0077821,-0.327,-0.014496,-0.021515
-0.00045777,0.0022889,-0.0068666,-0.1326,0.0056458,-0.62119,-0.025788,0.018769
0.0041199,-0.22568,-0.034028,-0.14054,0.03006,-0.38132,-0.035859,0.022736
-0.025483,-0.55711,0.062409,-0.12558,0.024262,-0.095979,-0.0083925,0.03006
-0.041352,-0.056306,-0.038911,-0.14054,0.029145,0.043183,0.012665,0.031891
-0.031891,0.052338,-0.10971,-0.14694,0.02945,0.13565,0.009308,0.020905
-0.022126,0.034333,-0.074922,-0.10788,0.017243,0.12528,0.013275,0.02182
-0.0041199,-0.030976,-0.015717,-0.098726,0.025177,0.26749,0.047456,0.013275
